0.000000000000000000e+00 -7.499999999999999722e-02
2.500000000000000120e-05 -7.468120000000000314e-02
5.000000000000000240e-05 -7.442029999999999479e-02
7.499999999999999343e-05 -7.418779999999999819e-02
1.000000000000000048e-04 -7.397470000000000434e-02
1.250000000000000026e-04 -7.377639999999999199e-02
1.499999999999999869e-04 -7.358989999999999976e-02
1.749999999999999982e-04 -7.341330000000000078e-02
2.000000000000000096e-04 -7.324500000000000455e-02
2.249999999999999938e-04 -7.308400000000001007e-02
2.500000000000000052e-04 -7.292930000000000246e-02
2.750000000000000166e-04 -7.278019999999998935e-02
2.999999999999999737e-04 -7.263609999999999511e-02
3.249999999999999851e-04 -7.249659999999999438e-02
3.499999999999999964e-04 -7.236120000000000052e-02
3.750000000000000078e-04 -7.222960000000000491e-02
4.000000000000000192e-04 -7.210149999999999892e-02
4.249999999999999763e-04 -7.197649999999999881e-02
4.499999999999999877e-04 -7.185450000000000170e-02
4.749999999999999990e-04 -7.173520000000001284e-02
5.000000000000000104e-04 -7.161850000000000160e-02
5.250000000000000760e-04 -7.150420000000000387e-02
5.500000000000000331e-04 -7.139210000000000000e-02
5.749999999999999903e-04 -7.128220000000000389e-02
5.999999999999999474e-04 -7.117419999999999303e-02
6.250000000000000130e-04 -7.106809999999999516e-02
6.499999999999999702e-04 -7.096370000000000455e-02
6.750000000000000357e-04 -7.086100000000000732e-02
6.999999999999999929e-04 -7.075990000000000058e-02
7.249999999999999500e-04 -7.066030000000000921e-02
7.500000000000000156e-04 -7.056220000000000547e-02
7.749999999999999728e-04 -7.046539999999999748e-02
8.000000000000000383e-04 -7.036989999999999912e-02
8.249999999999999955e-04 -7.027569999999999650e-02
8.499999999999999526e-04 -7.018270000000000064e-02
8.750000000000000182e-04 -7.009079999999999477e-02
8.999999999999999754e-04 -7.000010000000000954e-02
9.250000000000000409e-04 -6.991030000000000855e-02
9.499999999999999981e-04 -6.982159999999999755e-02
9.749999999999999552e-04 -6.973390000000000144e-02
1.000000000000000021e-03 -6.964709999999998957e-02
1.024999999999999870e-03 -6.956120000000000358e-02
1.050000000000000152e-03 -6.947609999999999897e-02
1.075000000000000001e-03 -6.939190000000000635e-02
1.100000000000000066e-03 -6.930849999999999511e-02
1.124999999999999915e-03 -6.922589999999999300e-02
1.149999999999999981e-03 -6.914400000000001101e-02
1.175000000000000046e-03 -6.906279999999999364e-02
1.199999999999999895e-03 -6.898239999999999927e-02
1.225000000000000177e-03 -6.890260000000000828e-02
1.250000000000000026e-03 -6.882349999999999579e-02
1.274999999999999875e-03 -6.874500000000000055e-02
1.299999999999999940e-03 -6.866710000000000869e-02
1.325000000000000006e-03 -6.858979999999999244e-02
1.350000000000000071e-03 -6.851300000000000445e-02
1.374999999999999920e-03 -6.843689999999999496e-02
1.399999999999999986e-03 -6.836119999999999697e-02
1.425000000000000051e-03 -6.828610000000000235e-02
1.449999999999999900e-03 -6.821139999999999148e-02
1.475000000000000182e-03 -6.813729999999999787e-02
1.500000000000000031e-03 -6.806359999999998800e-02
1.524999999999999880e-03 -6.799030000000000351e-02
1.549999999999999946e-03 -6.791750000000000564e-02
1.575000000000000011e-03 -6.784510000000000540e-02
1.600000000000000077e-03 -6.777320000000000566e-02
1.624999999999999925e-03 -6.770160000000000067e-02
1.649999999999999991e-03 -6.763039999999999330e-02
1.675000000000000057e-03 -6.755949999999999456e-02
1.699999999999999905e-03 -6.748900000000000732e-02
1.725000000000000188e-03 -6.741889999999998995e-02
1.750000000000000036e-03 -6.734910000000000896e-02
1.774999999999999885e-03 -6.727960000000000884e-02
1.799999999999999951e-03 -6.721040000000000347e-02
1.825000000000000016e-03 -6.714149999999999285e-02
1.850000000000000082e-03 -6.707290000000000474e-02
1.874999999999999931e-03 -6.700459999999999749e-02
1.899999999999999996e-03 -6.693649999999999600e-02
1.925000000000000062e-03 -6.686870000000000314e-02
1.949999999999999910e-03 -6.680110000000000214e-02
1.975000000000000193e-03 -6.673379999999999590e-02
2.000000000000000042e-03 -6.666660000000000641e-02
2.024999999999999890e-03 -6.659969999999999779e-02
2.049999999999999739e-03 -6.653299999999999492e-02
2.075000000000000022e-03 -6.646649999999999781e-02
2.100000000000000304e-03 -6.640019999999999256e-02
2.125000000000000153e-03 -6.633410000000000695e-02
2.150000000000000001e-03 -6.626810000000001033e-02
2.174999999999999850e-03 -6.620229999999999171e-02
2.200000000000000133e-03 -6.613660000000000372e-02
2.224999999999999981e-03 -6.607110000000000760e-02
2.249999999999999830e-03 -6.600570000000000048e-02
2.275000000000000112e-03 -6.594039999999999624e-02
2.299999999999999961e-03 -6.587520000000000875e-02
2.325000000000000244e-03 -6.581019999999999925e-02
2.350000000000000092e-03 -6.574520000000000364e-02
2.374999999999999941e-03 -6.568039999999999989e-02
2.399999999999999790e-03 -6.561559999999999615e-02
2.424999999999999638e-03 -6.555089999999999528e-02
2.450000000000000355e-03 -6.548619999999999441e-02
2.475000000000000203e-03 -6.542169999999999930e-02
2.500000000000000052e-03 -6.535710000000000131e-02
2.524999999999999901e-03 -6.529259999999999231e-02
2.549999999999999750e-03 -6.522820000000000007e-02
2.575000000000000032e-03 -6.516370000000000495e-02
2.599999999999999881e-03 -6.509929999999999883e-02
2.625000000000000163e-03 -6.503489999999999271e-02
2.650000000000000012e-03 -6.497039999999999760e-02
2.674999999999999861e-03 -6.490600000000000536e-02
2.700000000000000143e-03 -6.484159999999999924e-02
2.724999999999999992e-03 -6.477710000000000412e-02
2.749999999999999840e-03 -6.471259999999999513e-02
2.775000000000000123e-03 -6.464799999999999713e-02
2.799999999999999972e-03 -6.458339999999999914e-02
2.825000000000000254e-03 -6.451869999999999827e-02
2.850000000000000103e-03 -6.445399999999999741e-02
2.874999999999999951e-03 -6.438910000000000466e-02
2.899999999999999800e-03 -6.432419999999999805e-02
2.924999999999999649e-03 -6.425920000000000243e-02
2.950000000000000365e-03 -6.419410000000000394e-02
2.975000000000000214e-03 -6.412879999999999969e-02
3.000000000000000062e-03 -6.406340000000000645e-02
3.024999999999999911e-03 -6.399789999999999646e-02
3.049999999999999760e-03 -6.393220000000000847e-02
3.075000000000000042e-03 -6.386640000000000372e-02
3.099999999999999891e-03 -6.380040000000000711e-02
3.125000000000000173e-03 -6.373410000000000186e-02
3.150000000000000022e-03 -6.366770000000000762e-02
3.174999999999999871e-03 -6.360110000000000763e-02
3.200000000000000153e-03 -6.353430000000000188e-02
3.225000000000000002e-03 -6.346720000000000139e-02
3.249999999999999851e-03 -6.339990000000000903e-02
3.274999999999999700e-03 -6.333229999999999416e-02
3.299999999999999982e-03 -6.326439999999999841e-02
3.325000000000000264e-03 -6.319619999999999405e-02
3.350000000000000113e-03 -6.312779999999999780e-02
3.374999999999999962e-03 -6.305900000000000394e-02
3.399999999999999811e-03 -6.298979999999999857e-02
3.424999999999999659e-03 -6.292029999999999845e-02
3.450000000000000375e-03 -6.285040000000000071e-02
3.475000000000000224e-03 -6.278009999999999147e-02
3.500000000000000073e-03 -6.270939999999999848e-02
3.524999999999999922e-03 -6.263819999999999111e-02
3.549999999999999770e-03 -6.256659999999999999e-02
3.575000000000000053e-03 -6.249450000000000144e-02
3.599999999999999901e-03 -6.242179999999999951e-02
3.625000000000000184e-03 -6.234869999999999995e-02
3.650000000000000033e-03 -6.227490000000000109e-02
3.674999999999999881e-03 -6.220060000000000172e-02
3.700000000000000164e-03 -6.212559999999999610e-02
3.725000000000000012e-03 -6.204999999999999405e-02
3.749999999999999861e-03 -6.197369999999999962e-02
3.774999999999999710e-03 -6.189670000000000588e-02
3.799999999999999992e-03 -6.181889999999999608e-02
3.825000000000000275e-03 -6.174029999999999796e-02
3.850000000000000124e-03 -6.166089999999999766e-02
3.874999999999999972e-03 -6.158050000000000329e-02
3.899999999999999821e-03 -6.149929999999999980e-02
3.924999999999999670e-03 -6.141699999999999937e-02
3.950000000000000386e-03 -6.133359999999999507e-02
3.975000000000000235e-03 -6.124920000000000364e-02
4.000000000000000083e-03 -6.116349999999999565e-02
4.024999999999999932e-03 -6.107660000000000172e-02
4.049999999999999781e-03 -6.098839999999999817e-02
4.075000000000000497e-03 -6.089870000000000005e-02
4.099999999999999478e-03 -6.080750000000000044e-02
4.125000000000000194e-03 -6.071470000000000339e-02
4.150000000000000043e-03 -6.062019999999999909e-02
4.174999999999999892e-03 -6.052369999999999972e-02
4.200000000000000608e-03 -6.042530000000000123e-02
4.224999999999999589e-03 -6.032459999999999906e-02
4.250000000000000305e-03 -6.022160000000000013e-02
4.275000000000000154e-03 -6.011610000000000564e-02
4.300000000000000003e-03 -6.000769999999999715e-02
4.324999999999999852e-03 -5.989629999999999954e-02
4.349999999999999700e-03 -5.978159999999999724e-02
4.375000000000000416e-03 -5.966309999999999669e-02
4.400000000000000265e-03 -5.954040000000000027e-02
4.425000000000000114e-03 -5.941320000000000628e-02
4.449999999999999963e-03 -5.928060000000000274e-02
4.474999999999999811e-03 -5.914209999999999606e-02
4.499999999999999660e-03 -5.899669999999999914e-02
4.525000000000000376e-03 -5.884330000000000116e-02
4.550000000000000225e-03 -5.868030000000000468e-02
4.575000000000000074e-03 -5.850580000000000364e-02
4.599999999999999922e-03 -5.831700000000000078e-02
4.624999999999999771e-03 -5.811000000000000193e-02
4.650000000000000487e-03 -5.787870000000000514e-02
4.674999999999999468e-03 -5.761329999999999923e-02
4.700000000000000185e-03 -5.729599999999999971e-02
4.725000000000000033e-03 -5.689180000000000625e-02
4.749999999999999882e-03 -5.633140000000000369e-02
4.775000000000000598e-03 -5.549590000000000078e-02
4.799999999999999580e-03 -5.418390000000000012e-02
4.825000000000000296e-03 -5.211980000000000085e-02
4.849999999999999277e-03 -4.900610000000000382e-02
4.874999999999999993e-03 -4.466380000000000350e-02
4.900000000000000709e-03 -3.911619999999999681e-02
4.924999999999999691e-03 -3.252009999999999623e-02
4.950000000000000407e-03 -2.526129999999999695e-02
4.974999999999999388e-03 -1.713769999999999877e-02
5.000000000000000104e-03 -6.754950000000000017e-03
5.024999999999999953e-03 6.346730000000000080e-03
5.049999999999999802e-03 1.840680000000000094e-02
5.075000000000000518e-03 2.657669999999999824e-02
5.099999999999999499e-03 3.125019999999999881e-02
5.125000000000000215e-03 3.332079999999999764e-02
5.150000000000000064e-03 3.333039999999999614e-02
5.174999999999999913e-03 3.155600000000000072e-02
5.199999999999999761e-03 2.820639999999999953e-02
5.224999999999999610e-03 2.356600000000000014e-02
5.250000000000000326e-03 1.805320000000000188e-02
5.275000000000000175e-03 1.216479999999999992e-02
5.300000000000000024e-03 6.326640000000000562e-03
5.324999999999999872e-03 7.770359999999999377e-04
5.349999999999999721e-03 -4.431829999999999450e-03
5.374999999999999570e-03 -9.360119999999999552e-03
5.400000000000000286e-03 -1.408039999999999986e-02
5.425000000000000135e-03 -1.868579999999999894e-02
5.449999999999999983e-03 -2.318890000000000187e-02
5.474999999999999832e-03 -2.752689999999999998e-02
5.499999999999999681e-03 -3.158299999999999996e-02
5.525000000000000397e-03 -3.533239999999999992e-02
5.550000000000000246e-03 -3.898739999999999845e-02
5.575000000000000094e-03 -4.266890000000000266e-02
5.599999999999999943e-03 -4.633529999999999593e-02
5.624999999999999792e-03 -4.977729999999999655e-02
5.650000000000000508e-03 -5.275840000000000390e-02
5.674999999999999489e-03 -5.518119999999999969e-02
5.700000000000000205e-03 -5.709329999999999961e-02
5.725000000000000054e-03 -5.859839999999999494e-02
5.749999999999999903e-03 -5.979699999999999599e-02
5.775000000000000619e-03 -6.076820000000000138e-02
5.799999999999999600e-03 -6.156930000000000042e-02
5.825000000000000316e-03 -6.224139999999999534e-02
5.849999999999999298e-03 -6.281330000000000247e-02
5.875000000000000014e-03 -6.330550000000000066e-02
5.900000000000000730e-03 -6.373289999999999511e-02
5.924999999999999711e-03 -6.410590000000000732e-02
5.950000000000000427e-03 -6.443259999999999266e-02
5.974999999999999409e-03 -6.471899999999999875e-02
6.000000000000000125e-03 -6.496960000000000235e-02
6.024999999999999974e-03 -6.518830000000000457e-02
6.049999999999999822e-03 -6.537820000000001130e-02
6.075000000000000538e-03 -6.554190000000000016e-02
6.099999999999999520e-03 -6.568160000000000664e-02
6.125000000000000236e-03 -6.579909999999999926e-02
6.150000000000000085e-03 -6.589619999999998812e-02
6.174999999999999933e-03 -6.597440000000000249e-02
6.199999999999999782e-03 -6.603520000000000223e-02
6.224999999999999631e-03 -6.607980000000000798e-02
6.250000000000000347e-03 -6.610970000000000735e-02
6.275000000000000196e-03 -6.612619999999999609e-02
6.300000000000000044e-03 -6.613070000000000059e-02
6.324999999999999893e-03 -6.612420000000000797e-02
6.349999999999999742e-03 -6.610829999999999484e-02
6.374999999999999591e-03 -6.608390000000000097e-02
6.400000000000000307e-03 -6.605230000000000823e-02
6.425000000000000155e-03 -6.601450000000000373e-02
6.450000000000000004e-03 -6.597150000000000236e-02
6.474999999999999853e-03 -6.592409999999999937e-02
6.499999999999999702e-03 -6.587329999999999575e-02
6.525000000000000418e-03 -6.581959999999999200e-02
6.549999999999999399e-03 -6.576379999999999726e-02
6.575000000000000115e-03 -6.570639999999999814e-02
6.599999999999999964e-03 -6.564790000000000902e-02
6.624999999999999813e-03 -6.558859999999999690e-02
6.650000000000000529e-03 -6.552889999999998716e-02
6.674999999999999510e-03 -6.546899999999999942e-02
6.700000000000000226e-03 -6.540920000000000067e-02
6.725000000000000075e-03 -6.534950000000000481e-02
6.749999999999999924e-03 -6.529009999999998981e-02
6.775000000000000640e-03 -6.523110000000000019e-02
6.799999999999999621e-03 -6.517239999999999145e-02
6.825000000000000337e-03 -6.511400000000000521e-02
6.849999999999999319e-03 -6.505589999999999984e-02
6.875000000000000035e-03 -6.499809999999998922e-02
6.900000000000000751e-03 -6.494039999999999535e-02
6.924999999999999732e-03 -6.488280000000000436e-02
6.950000000000000448e-03 -6.482519999999999949e-02
6.974999999999999430e-03 -6.476739999999998887e-02
7.000000000000000146e-03 -6.470929999999999738e-02
7.024999999999999994e-03 -6.465089999999999726e-02
7.049999999999999843e-03 -6.459209999999999952e-02
7.075000000000000559e-03 -6.453259999999999552e-02
7.099999999999999541e-03 -6.447250000000000203e-02
7.125000000000000257e-03 -6.441150000000001041e-02
7.150000000000000105e-03 -6.434969999999999579e-02
7.174999999999999954e-03 -6.428680000000000505e-02
7.199999999999999803e-03 -6.422289999999999943e-02
7.224999999999999652e-03 -6.415780000000000094e-02
7.250000000000000368e-03 -6.409139999999999282e-02
7.275000000000000216e-03 -6.402379999999999183e-02
7.300000000000000065e-03 -6.395479999999999221e-02
7.324999999999999914e-03 -6.388439999999999397e-02
7.349999999999999763e-03 -6.381249999999999423e-02
7.374999999999999611e-03 -6.373900000000000399e-02
7.400000000000000328e-03 -6.366399999999999837e-02
7.425000000000000176e-03 -6.358740000000000225e-02
7.450000000000000025e-03 -6.350920000000000176e-02
7.474999999999999874e-03 -6.342929999999999402e-02
7.499999999999999722e-03 -6.334779999999999578e-02
7.525000000000000439e-03 -6.326460000000000417e-02
7.549999999999999420e-03 -6.317960000000000242e-02
7.575000000000000136e-03 -6.309289999999999343e-02
7.599999999999999985e-03 -6.300450000000000494e-02
7.624999999999999833e-03 -6.291429999999999245e-02
7.650000000000000550e-03 -6.282240000000000046e-02
7.674999999999999531e-03 -6.272869999999999835e-02
7.700000000000000247e-03 -6.263319999999999999e-02
7.724999999999999228e-03 -6.253589999999999149e-02
7.749999999999999944e-03 -6.243680000000000063e-02
7.775000000000000661e-03 -6.233599999999999558e-02
7.799999999999999642e-03 -6.223329999999999834e-02
7.825000000000000358e-03 -6.212870000000000198e-02
7.849999999999999339e-03 -6.202239999999999837e-02
7.875000000000000056e-03 -6.191420000000000257e-02
7.900000000000000772e-03 -6.180410000000000070e-02
7.924999999999999753e-03 -6.169210000000000665e-02
7.950000000000000469e-03 -6.157819999999999960e-02
7.974999999999999450e-03 -6.146240000000000037e-02
8.000000000000000167e-03 -6.134449999999999625e-02
8.025000000000000883e-03 -6.122469999999999996e-02
8.049999999999999864e-03 -6.110290000000000166e-02
8.074999999999998845e-03 -6.097890000000000255e-02
8.099999999999999561e-03 -6.085279999999999856e-02
8.125000000000000278e-03 -6.072450000000000070e-02
8.150000000000000994e-03 -6.059389999999999915e-02
8.174999999999999975e-03 -6.046090000000000492e-02
8.199999999999998956e-03 -6.032549999999999718e-02
8.224999999999999672e-03 -6.018760000000000082e-02
8.250000000000000389e-03 -6.004699999999999621e-02
8.275000000000001105e-03 -5.990359999999999435e-02
8.300000000000000086e-03 -5.975739999999999524e-02
8.324999999999999067e-03 -5.960799999999999432e-02
8.349999999999999784e-03 -5.945550000000000140e-02
8.375000000000000500e-03 -5.929950000000000498e-02
8.400000000000001216e-03 -5.913979999999999931e-02
8.425000000000000197e-03 -5.897619999999999946e-02
8.449999999999999178e-03 -5.880839999999999679e-02
8.474999999999999895e-03 -5.863609999999999656e-02
8.500000000000000611e-03 -5.845890000000000114e-02
8.524999999999999592e-03 -5.827639999999999904e-02
8.550000000000000308e-03 -5.808809999999999668e-02
8.574999999999999289e-03 -5.789339999999999764e-02
8.600000000000000006e-03 -5.769160000000000260e-02
8.625000000000000722e-03 -5.748199999999999837e-02
8.649999999999999703e-03 -5.726359999999999784e-02
8.675000000000000419e-03 -5.703520000000000117e-02
8.699999999999999400e-03 -5.679540000000000283e-02
8.725000000000000117e-03 -5.654259999999999842e-02
8.750000000000000833e-03 -5.627440000000000220e-02
8.774999999999999814e-03 -5.598820000000000185e-02
8.800000000000000530e-03 -5.568000000000000033e-02
8.824999999999999512e-03 -5.534470000000000361e-02
8.850000000000000228e-03 -5.497490000000000016e-02
8.874999999999999209e-03 -5.455959999999999976e-02
8.899999999999999925e-03 -5.408090000000000119e-02
8.925000000000000641e-03 -5.350809999999999594e-02
8.949999999999999623e-03 -5.278359999999999996e-02
8.975000000000000339e-03 -5.180060000000000220e-02
8.999999999999999320e-03 -5.040859999999999785e-02
9.025000000000000036e-03 -4.837339999999999696e-02
9.050000000000000752e-03 -4.531260000000000149e-02
9.074999999999999734e-03 -4.090769999999999823e-02
9.100000000000000450e-03 -3.517199999999999493e-02
9.124999999999999431e-03 -2.844500000000000153e-02
9.150000000000000147e-03 -2.116339999999999888e-02
9.175000000000000863e-03 -1.255599999999999945e-02
9.199999999999999845e-03 -1.605010000000000030e-03
9.224999999999998826e-03 1.040869999999999990e-02
9.249999999999999542e-03 2.001050000000000051e-02
9.275000000000000258e-03 2.616720000000000157e-02
9.300000000000000974e-03 2.948089999999999739e-02
9.324999999999999956e-03 3.057570000000000079e-02
9.349999999999998937e-03 2.981740000000000085e-02
9.374999999999999653e-03 2.743680000000000077e-02
9.400000000000000369e-03 2.367780000000000232e-02
9.425000000000001085e-03 1.888580000000000120e-02
9.450000000000000067e-03 1.350120000000000139e-02
9.474999999999999048e-03 7.956970000000000709e-03
9.499999999999999764e-03 2.557900000000000104e-03
9.525000000000000480e-03 -2.558850000000000100e-03
9.550000000000001196e-03 -7.387349999999999993e-03
9.574999999999998443e-03 -1.199859999999999989e-02
9.599999999999999159e-03 -1.649650000000000075e-02
9.624999999999999875e-03 -2.094199999999999881e-02
9.650000000000000591e-03 -2.530400000000000010e-02
9.675000000000001307e-03 -2.947950000000000223e-02
9.699999999999998554e-03 -3.332999999999999852e-02
9.724999999999999270e-03 -3.696949999999999542e-02
9.749999999999999986e-03 -4.054540000000000227e-02
9.775000000000000702e-03 -4.410009999999999625e-02
9.800000000000001418e-03 -4.752620000000000455e-02
9.824999999999998665e-03 -5.062310000000000421e-02
9.849999999999999381e-03 -5.324130000000000529e-02
9.875000000000000097e-03 -5.536209999999999742e-02
9.900000000000000813e-03 -5.705589999999999967e-02
9.925000000000001529e-03 -5.841599999999999571e-02
9.949999999999998776e-03 -5.952459999999999696e-02
9.974999999999999492e-03 -6.044489999999999585e-02
1.000000000000000021e-02 -6.122350000000000014e-02
1.002500000000000092e-02 -6.189360000000000001e-02
1.004999999999999991e-02 -6.247890000000000388e-02
1.007499999999999889e-02 -6.299649999999999694e-02
1.009999999999999960e-02 -6.345889999999999864e-02
1.012500000000000032e-02 -6.387519999999999309e-02
1.015000000000000104e-02 -6.425199999999998968e-02
1.017500000000000002e-02 -6.459420000000000439e-02
1.019999999999999900e-02 -6.490519999999999623e-02
1.022499999999999971e-02 -6.518779999999999020e-02
1.025000000000000043e-02 -6.544400000000000217e-02
1.027500000000000115e-02 -6.567529999999999202e-02
1.030000000000000013e-02 -6.588299999999999712e-02
1.032499999999999911e-02 -6.606850000000000223e-02
1.034999999999999983e-02 -6.623269999999999158e-02
1.037500000000000054e-02 -6.637679999999999969e-02
1.039999999999999952e-02 -6.650190000000000268e-02
1.042500000000000024e-02 -6.660889999999999866e-02
1.044999999999999922e-02 -6.669909999999999728e-02
1.047499999999999994e-02 -6.677330000000000765e-02
1.050000000000000065e-02 -6.683260000000000589e-02
1.052499999999999963e-02 -6.687800000000000689e-02
1.055000000000000035e-02 -6.691030000000000588e-02
1.057499999999999933e-02 -6.693040000000000100e-02
1.060000000000000005e-02 -6.693930000000000713e-02
1.062500000000000076e-02 -6.693759999999999988e-02
1.064999999999999974e-02 -6.692610000000000225e-02
1.067500000000000046e-02 -6.690550000000000663e-02
1.069999999999999944e-02 -6.687640000000000251e-02
1.072500000000000016e-02 -6.683959999999999901e-02
1.074999999999999914e-02 -6.679540000000000477e-02
1.077499999999999986e-02 -6.674449999999999827e-02
1.080000000000000057e-02 -6.668729999999999103e-02
1.082499999999999955e-02 -6.662430000000001129e-02
1.085000000000000027e-02 -6.655589999999998729e-02
1.087499999999999925e-02 -6.648239999999999705e-02
1.089999999999999997e-02 -6.640429999999999944e-02
1.092500000000000068e-02 -6.632180000000000020e-02
1.094999999999999966e-02 -6.623529999999999696e-02
1.097500000000000038e-02 -6.614499999999999547e-02
1.099999999999999936e-02 -6.605110000000000148e-02
1.102500000000000008e-02 -6.595390000000000974e-02
1.105000000000000079e-02 -6.585370000000000112e-02
1.107499999999999978e-02 -6.575050000000000339e-02
1.110000000000000049e-02 -6.564449999999999452e-02
1.112499999999999947e-02 -6.553599999999999703e-02
1.115000000000000019e-02 -6.542499999999999705e-02
1.117500000000000090e-02 -6.531170000000000031e-02
1.119999999999999989e-02 -6.519620000000000970e-02
1.122499999999999887e-02 -6.507860000000000034e-02
1.124999999999999958e-02 -6.495910000000000573e-02
1.127500000000000030e-02 -6.483759999999999524e-02
1.130000000000000102e-02 -6.471429999999998850e-02
1.132500000000000000e-02 -6.458919999999999939e-02
1.134999999999999898e-02 -6.446250000000000591e-02
1.137499999999999969e-02 -6.433410000000000517e-02
1.140000000000000041e-02 -6.420410000000000006e-02
1.142500000000000113e-02 -6.407259999999999345e-02
1.145000000000000011e-02 -6.393959999999999921e-02
1.147499999999999909e-02 -6.380500000000000060e-02
1.149999999999999981e-02 -6.366900000000000337e-02
1.152500000000000052e-02 -6.353159999999999363e-02
1.155000000000000124e-02 -6.339269999999999627e-02
1.157499999999999848e-02 -6.325240000000000029e-02
1.159999999999999920e-02 -6.311070000000000568e-02
1.162499999999999992e-02 -6.296749999999999570e-02
1.165000000000000063e-02 -6.282279999999999809e-02
1.167500000000000135e-02 -6.267670000000000186e-02
1.169999999999999860e-02 -6.252920000000000700e-02
1.172499999999999931e-02 -6.238000000000000489e-02
1.175000000000000003e-02 -6.222939999999999722e-02
1.177500000000000074e-02 -6.207710000000000311e-02
1.180000000000000146e-02 -6.192320000000000463e-02
1.182499999999999871e-02 -6.176769999999999483e-02
1.184999999999999942e-02 -6.161029999999999979e-02
1.187500000000000014e-02 -6.145119999999999749e-02
1.190000000000000085e-02 -6.129019999999999607e-02
1.192500000000000157e-02 -6.112709999999999672e-02
1.194999999999999882e-02 -6.096200000000000230e-02
1.197499999999999953e-02 -6.079480000000000300e-02
1.200000000000000025e-02 -6.062519999999999715e-02
1.202500000000000097e-02 -6.045320000000000554e-02
1.204999999999999995e-02 -6.027859999999999469e-02
1.207499999999999893e-02 -6.010130000000000333e-02
1.209999999999999964e-02 -5.992110000000000491e-02
1.212500000000000036e-02 -5.973780000000000062e-02
1.215000000000000108e-02 -5.955109999999999570e-02
1.217500000000000006e-02 -5.936090000000000116e-02
1.219999999999999904e-02 -5.916680000000000550e-02
1.222499999999999976e-02 -5.896850000000000008e-02
1.225000000000000047e-02 -5.876579999999999998e-02
1.227500000000000119e-02 -5.855819999999999775e-02
1.230000000000000017e-02 -5.834530000000000272e-02
1.232499999999999915e-02 -5.812649999999999761e-02
1.234999999999999987e-02 -5.790140000000000564e-02
1.237500000000000058e-02 -5.766929999999999973e-02
1.239999999999999956e-02 -5.742939999999999851e-02
1.242500000000000028e-02 -5.718089999999999978e-02
1.244999999999999926e-02 -5.692280000000000256e-02
1.247499999999999998e-02 -5.665390000000000009e-02
1.250000000000000069e-02 -5.637270000000000475e-02
1.252499999999999968e-02 -5.607759999999999828e-02
1.255000000000000039e-02 -5.576650000000000357e-02
1.257499999999999937e-02 -5.543690000000000423e-02
1.260000000000000009e-02 -5.508539999999999964e-02
1.262500000000000080e-02 -5.470810000000000256e-02
1.264999999999999979e-02 -5.429959999999999648e-02
1.267500000000000050e-02 -5.385249999999999759e-02
1.269999999999999948e-02 -5.335669999999999302e-02
1.272500000000000020e-02 -5.279740000000000127e-02
1.274999999999999918e-02 -5.215209999999999985e-02
1.277499999999999990e-02 -5.138369999999999743e-02
1.280000000000000061e-02 -5.042779999999999485e-02
1.282499999999999959e-02 -4.916979999999999962e-02
1.285000000000000031e-02 -4.744090000000000112e-02
1.287499999999999929e-02 -4.503629999999999439e-02
1.290000000000000001e-02 -4.150940000000000185e-02
1.292500000000000072e-02 -3.644350000000000367e-02
1.294999999999999971e-02 -2.996949999999999961e-02
1.297500000000000042e-02 -2.272829999999999989e-02
1.299999999999999940e-02 -1.428500000000000082e-02
1.302500000000000012e-02 -3.679009999999999919e-03
1.305000000000000084e-02 8.399329999999999991e-03
1.307499999999999982e-02 1.855430000000000273e-02
1.309999999999999880e-02 2.525240000000000123e-02
1.312499999999999951e-02 2.894479999999999970e-02
1.315000000000000023e-02 3.027890000000000095e-02
1.317500000000000095e-02 2.966449999999999990e-02
1.319999999999999993e-02 2.736260000000000081e-02
1.322499999999999891e-02 2.363379999999999995e-02
1.324999999999999963e-02 1.883390000000000064e-02
1.327500000000000034e-02 1.341220000000000086e-02
1.330000000000000106e-02 7.810179999999999900e-03
1.332500000000000004e-02 2.339589999999999899e-03
1.334999999999999902e-02 -2.853749999999999950e-03
1.337499999999999974e-02 -7.751820000000000412e-03
1.340000000000000045e-02 -1.241219999999999997e-02
1.342500000000000117e-02 -1.693949999999999970e-02
1.345000000000000015e-02 -2.142419999999999741e-02
1.347499999999999913e-02 -2.587280000000000135e-02
1.349999999999999985e-02 -3.017920000000000325e-02
1.352500000000000056e-02 -3.417199999999999405e-02
1.355000000000000128e-02 -3.799940000000000262e-02
1.357499999999999853e-02 -4.178540000000000032e-02
1.359999999999999924e-02 -4.553329999999999878e-02
1.362499999999999996e-02 -4.907930000000000625e-02
1.365000000000000067e-02 -5.219610000000000222e-02
1.367500000000000139e-02 -5.476380000000000137e-02
1.369999999999999864e-02 -5.680960000000000176e-02
1.372499999999999935e-02 -5.842949999999999533e-02
1.375000000000000007e-02 -5.972420000000000506e-02
1.377500000000000079e-02 -6.077570000000000194e-02
1.380000000000000150e-02 -6.164520000000000416e-02
1.382499999999999875e-02 -6.237689999999999901e-02
1.384999999999999946e-02 -6.300279999999999769e-02
1.387500000000000018e-02 -6.354579999999999951e-02
1.390000000000000090e-02 -6.402249999999999608e-02
1.392499999999999988e-02 -6.444489999999999941e-02
1.394999999999999886e-02 -6.482170000000000987e-02
1.397499999999999958e-02 -6.515940000000000620e-02
1.400000000000000029e-02 -6.546250000000000679e-02
1.402500000000000101e-02 -6.573450000000000126e-02
1.404999999999999999e-02 -6.597809999999999786e-02
1.407499999999999897e-02 -6.619540000000000146e-02
1.409999999999999969e-02 -6.638819999999999444e-02
1.412500000000000040e-02 -6.655800000000000605e-02
1.415000000000000112e-02 -6.670629999999999615e-02
1.417500000000000010e-02 -6.683450000000000502e-02
1.419999999999999908e-02 -6.694370000000000875e-02
1.422499999999999980e-02 -6.703510000000000024e-02
1.425000000000000051e-02 -6.710990000000000011e-02
1.427499999999999949e-02 -6.716909999999999548e-02
1.430000000000000021e-02 -6.721370000000000122e-02
1.432499999999999919e-02 -6.724479999999999347e-02
1.434999999999999991e-02 -6.726319999999999522e-02
1.437500000000000062e-02 -6.726980000000000459e-02
1.439999999999999961e-02 -6.726550000000000584e-02
1.442500000000000032e-02 -6.725090000000000234e-02
1.444999999999999930e-02 -6.722680000000000322e-02
1.447500000000000002e-02 -6.719379999999999797e-02
1.450000000000000074e-02 -6.715269999999999573e-02
1.452499999999999972e-02 -6.710389999999999411e-02
1.455000000000000043e-02 -6.704809999999999937e-02
1.457499999999999941e-02 -6.698569999999999525e-02
1.460000000000000013e-02 -6.691710000000000713e-02
1.462500000000000085e-02 -6.684289999999999676e-02
1.464999999999999983e-02 -6.676349999999998952e-02
1.467500000000000054e-02 -6.667910000000000503e-02
1.469999999999999953e-02 -6.659020000000000217e-02
1.472500000000000024e-02 -6.649710000000000343e-02
1.474999999999999922e-02 -6.640009999999998969e-02
1.477499999999999994e-02 -6.629940000000000833e-02
1.480000000000000066e-02 -6.619529999999999859e-02
1.482499999999999964e-02 -6.608799999999999397e-02
1.485000000000000035e-02 -6.597770000000000024e-02
1.487499999999999933e-02 -6.586469999999999825e-02
1.490000000000000005e-02 -6.574910000000000476e-02
1.492500000000000077e-02 -6.563109999999999777e-02
1.494999999999999975e-02 -6.551090000000001079e-02
1.497500000000000046e-02 -6.538849999999998830e-02
1.499999999999999944e-02 -6.526410000000000544e-02
1.502500000000000016e-02 -6.513779999999999570e-02
1.505000000000000088e-02 -6.500969999999998972e-02
1.507499999999999986e-02 -6.487990000000000423e-02
1.509999999999999884e-02 -6.474859999999998950e-02
1.512499999999999956e-02 -6.461569999999999814e-02
1.515000000000000027e-02 -6.448130000000000528e-02
1.517500000000000099e-02 -6.434549999999999992e-02
1.519999999999999997e-02 -6.420839999999999881e-02
1.522499999999999895e-02 -6.406999999999998807e-02
1.524999999999999967e-02 -6.393019999999999259e-02
1.527500000000000038e-02 -6.378929999999999323e-02
1.530000000000000110e-02 -6.364709999999999812e-02
1.532500000000000008e-02 -6.350369999999999626e-02
1.534999999999999906e-02 -6.335910000000000153e-02
1.537499999999999978e-02 -6.321340000000000292e-02
1.540000000000000049e-02 -6.306639999999999469e-02
1.542500000000000121e-02 -6.291829999999999645e-02
1.544999999999999846e-02 -6.276890000000000247e-02
1.547499999999999917e-02 -6.261830000000000174e-02
1.549999999999999989e-02 -6.246639999999999832e-02
1.552500000000000061e-02 -6.231329999999999508e-02
1.555000000000000132e-02 -6.215880000000000016e-02
1.557499999999999857e-02 -6.200300000000000256e-02
1.559999999999999928e-02 -6.184570000000000345e-02
1.562500000000000000e-02 -6.168690000000000284e-02
1.565000000000000072e-02 -6.152660000000000073e-02
1.567500000000000143e-02 -6.136470000000000119e-02
1.569999999999999868e-02 -6.120109999999999439e-02
1.572499999999999939e-02 -6.103569999999999829e-02
1.575000000000000011e-02 -6.086830000000000018e-02
1.577500000000000083e-02 -6.069899999999999601e-02
1.580000000000000154e-02 -6.052750000000000491e-02
1.582499999999999879e-02 -6.035379999999999912e-02
1.584999999999999951e-02 -6.017759999999999776e-02
1.587500000000000022e-02 -5.999880000000000491e-02
1.590000000000000094e-02 -5.981730000000000380e-02
1.592500000000000165e-02 -5.963279999999999970e-02
1.594999999999999890e-02 -5.944499999999999784e-02
1.597499999999999962e-02 -5.925379999999999536e-02
1.600000000000000033e-02 -5.905879999999999463e-02
1.602499999999999758e-02 -5.885979999999999684e-02
1.605000000000000177e-02 -5.865630000000000149e-02
1.607499999999999901e-02 -5.844799999999999995e-02
1.609999999999999973e-02 -5.823449999999999460e-02
1.612500000000000044e-02 -5.801520000000000288e-02
1.614999999999999769e-02 -5.778949999999999365e-02
1.617500000000000188e-02 -5.755690000000000112e-02
1.619999999999999912e-02 -5.731640000000000346e-02
1.622499999999999984e-02 -5.706739999999999730e-02
1.625000000000000056e-02 -5.680860000000000076e-02
1.627499999999999780e-02 -5.653889999999999610e-02
1.630000000000000199e-02 -5.625689999999999857e-02
1.632499999999999923e-02 -5.596079999999999804e-02
1.634999999999999995e-02 -5.564840000000000064e-02
1.637500000000000067e-02 -5.531729999999999980e-02
1.639999999999999791e-02 -5.496399999999999897e-02
1.642500000000000210e-02 -5.458450000000000107e-02
1.644999999999999934e-02 -5.417309999999999487e-02
1.647500000000000006e-02 -5.372260000000000230e-02
1.650000000000000078e-02 -5.322249999999999898e-02
1.652499999999999802e-02 -5.265800000000000342e-02
1.655000000000000221e-02 -5.200610000000000649e-02
1.657499999999999946e-02 -5.122970000000000301e-02
1.660000000000000017e-02 -5.026459999999999956e-02
1.662500000000000089e-02 -4.899710000000000176e-02
1.664999999999999813e-02 -4.725789999999999852e-02
1.667500000000000232e-02 -4.484960000000000335e-02
1.669999999999999957e-02 -4.133130000000000137e-02
1.672500000000000028e-02 -3.626750000000000113e-02
1.675000000000000100e-02 -2.978810000000000138e-02
1.677499999999999825e-02 -2.254269999999999885e-02
1.680000000000000243e-02 -1.408180000000000022e-02
1.682499999999999968e-02 -3.474919999999999832e-03
1.685000000000000039e-02 8.517729999999999399e-03
1.687500000000000111e-02 1.853419999999999720e-02
1.689999999999999836e-02 2.511170000000000069e-02
1.692499999999999907e-02 2.871179999999999913e-02
1.694999999999999979e-02 2.997709999999999958e-02
1.697500000000000051e-02 2.931519999999999959e-02
1.700000000000000122e-02 2.698779999999999929e-02
1.702499999999999847e-02 2.325659999999999880e-02
1.704999999999999918e-02 1.847560000000000174e-02
1.707499999999999990e-02 1.308680000000000086e-02
1.710000000000000062e-02 7.519399999999999869e-03
1.712500000000000133e-02 2.073999999999999889e-03
1.714999999999999858e-02 -3.110069999999999935e-03
1.717499999999999930e-02 -8.016730000000001424e-03
1.720000000000000001e-02 -1.270330000000000070e-02
1.722500000000000073e-02 -1.726010000000000044e-02
1.725000000000000144e-02 -2.176490000000000022e-02
1.727499999999999869e-02 -2.622290000000000038e-02
1.729999999999999941e-02 -3.052730000000000027e-02
1.732500000000000012e-02 -3.452439999999999676e-02
1.735000000000000084e-02 -3.836780000000000052e-02
1.737500000000000155e-02 -4.217450000000000365e-02
1.739999999999999880e-02 -4.593160000000000298e-02
1.742499999999999952e-02 -4.945959999999999940e-02
1.745000000000000023e-02 -5.253170000000000062e-02
1.747500000000000095e-02 -5.504339999999999927e-02
1.750000000000000167e-02 -5.703390000000000543e-02
1.752499999999999891e-02 -5.860339999999999994e-02
1.754999999999999963e-02 -5.985229999999999717e-02
1.757500000000000034e-02 -6.086140000000000300e-02
1.760000000000000106e-02 -6.169089999999999990e-02
1.762499999999999831e-02 -6.238439999999999958e-02
1.764999999999999902e-02 -6.297359999999999070e-02
1.767499999999999974e-02 -6.348120000000000152e-02
1.770000000000000046e-02 -6.392399999999999471e-02
1.772500000000000117e-02 -6.431420000000000192e-02
1.774999999999999842e-02 -6.466039999999999288e-02
1.777499999999999913e-02 -6.496920000000000472e-02
1.779999999999999985e-02 -6.524540000000000894e-02
1.782500000000000057e-02 -6.549250000000000904e-02
1.785000000000000128e-02 -6.571330000000000227e-02
1.787499999999999853e-02 -6.590989999999999349e-02
1.789999999999999925e-02 -6.608419999999999572e-02
1.792499999999999996e-02 -6.623759999999999371e-02
1.795000000000000068e-02 -6.637149999999999994e-02
1.797500000000000139e-02 -6.648729999999999918e-02
1.799999999999999864e-02 -6.658609999999999529e-02
1.802499999999999936e-02 -6.666889999999998928e-02
1.805000000000000007e-02 -6.673690000000000178e-02
1.807500000000000079e-02 -6.679100000000000315e-02
1.810000000000000150e-02 -6.683199999999998864e-02
1.812499999999999875e-02 -6.686090000000000089e-02
1.814999999999999947e-02 -6.687860000000001026e-02
1.817500000000000018e-02 -6.688560000000000338e-02
1.820000000000000090e-02 -6.688290000000000901e-02
1.822500000000000162e-02 -6.687099999999999989e-02
1.824999999999999886e-02 -6.685059999999999614e-02
1.827499999999999958e-02 -6.682230000000000114e-02
1.830000000000000029e-02 -6.678660000000000152e-02
1.832500000000000101e-02 -6.674410000000000065e-02
1.835000000000000173e-02 -6.669519999999999615e-02
1.837499999999999897e-02 -6.664040000000000241e-02
1.839999999999999969e-02 -6.658000000000000029e-02
1.842500000000000041e-02 -6.651460000000000705e-02
1.844999999999999765e-02 -6.644440000000000068e-02
1.847500000000000184e-02 -6.636969999999998981e-02
1.849999999999999908e-02 -6.629100000000000270e-02
1.852499999999999980e-02 -6.620840000000000058e-02
1.855000000000000052e-02 -6.612220000000000597e-02
1.857499999999999776e-02 -6.603269999999999973e-02
1.860000000000000195e-02 -6.594010000000000149e-02
1.862499999999999920e-02 -6.584460000000000313e-02
1.864999999999999991e-02 -6.574639999999999651e-02
1.867500000000000063e-02 -6.564579999999999027e-02
1.869999999999999787e-02 -6.554269999999999541e-02
1.872500000000000206e-02 -6.543739999999999279e-02
1.874999999999999931e-02 -6.533010000000000206e-02
1.877500000000000002e-02 -6.522089999999999832e-02
1.880000000000000074e-02 -6.510980000000000933e-02
1.882499999999999798e-02 -6.499699999999999922e-02
1.885000000000000217e-02 -6.488259999999999861e-02
1.887499999999999942e-02 -6.476659999999999362e-02
1.890000000000000013e-02 -6.464919999999999001e-02
1.892500000000000085e-02 -6.453040000000000165e-02
1.894999999999999810e-02 -6.441030000000000366e-02
1.897500000000000228e-02 -6.428899999999999892e-02
1.899999999999999953e-02 -6.416639999999999844e-02
1.902500000000000024e-02 -6.404269999999999408e-02
1.905000000000000096e-02 -6.391779999999999684e-02
1.907499999999999821e-02 -6.379189999999999861e-02
1.910000000000000239e-02 -6.366489999999999649e-02
1.912499999999999964e-02 -6.353690000000000726e-02
1.914999999999999689e-02 -6.340780000000000027e-02
1.917500000000000107e-02 -6.327779999999999516e-02
1.919999999999999832e-02 -6.314670000000000005e-02
1.922500000000000250e-02 -6.301469999999999294e-02
1.924999999999999975e-02 -6.288159999999999583e-02
1.927499999999999700e-02 -6.274760000000000060e-02
1.930000000000000118e-02 -6.261250000000000149e-02
1.932499999999999843e-02 -6.247640000000000138e-02
1.935000000000000261e-02 -6.233930000000000027e-02
1.937499999999999986e-02 -6.220099999999999935e-02
1.939999999999999711e-02 -6.206170000000000436e-02
1.942500000000000129e-02 -6.192119999999999569e-02
1.944999999999999854e-02 -6.177950000000000108e-02
1.947500000000000273e-02 -6.163669999999999566e-02
1.949999999999999997e-02 -6.149249999999999855e-02
1.952499999999999722e-02 -6.134699999999999875e-02
1.955000000000000140e-02 -6.120010000000000033e-02
1.957499999999999865e-02 -6.105180000000000329e-02
1.960000000000000284e-02 -6.090189999999999493e-02
1.962500000000000008e-02 -6.075030000000000013e-02
1.964999999999999733e-02 -6.059710000000000096e-02
1.967500000000000152e-02 -6.044200000000000267e-02
1.969999999999999876e-02 -6.028499999999999831e-02
1.972500000000000295e-02 -6.012590000000000295e-02
1.975000000000000019e-02 -5.996459999999999985e-02
1.977499999999999744e-02 -5.980089999999999711e-02
1.980000000000000163e-02 -5.963469999999999882e-02
1.982499999999999887e-02 -5.946579999999999921e-02
1.985000000000000306e-02 -5.929399999999999948e-02
1.987500000000000031e-02 -5.911910000000000082e-02
1.989999999999999755e-02 -5.894080000000000152e-02
1.992500000000000174e-02 -5.875879999999999992e-02
1.994999999999999898e-02 -5.857280000000000125e-02
1.997499999999999970e-02 -5.838249999999999690e-02
2.000000000000000042e-02 -5.818739999999999329e-02
2.002499999999999766e-02 -5.798720000000000263e-02
2.005000000000000185e-02 -5.778119999999999784e-02
2.007499999999999910e-02 -5.756900000000000212e-02
2.009999999999999981e-02 -5.734989999999999533e-02
2.012500000000000053e-02 -5.712310000000000304e-02
2.014999999999999777e-02 -5.688759999999999650e-02
2.017500000000000196e-02 -5.664240000000000247e-02
2.019999999999999921e-02 -5.638620000000000437e-02
2.022499999999999992e-02 -5.611750000000000071e-02
2.025000000000000064e-02 -5.583449999999999525e-02
2.027499999999999789e-02 -5.553479999999999528e-02
2.030000000000000207e-02 -5.521550000000000069e-02
2.032499999999999932e-02 -5.487290000000000223e-02
2.035000000000000003e-02 -5.450209999999999777e-02
2.037500000000000075e-02 -5.409649999999999875e-02
2.039999999999999800e-02 -5.364690000000000430e-02
2.042500000000000218e-02 -5.313949999999999924e-02
2.044999999999999943e-02 -5.255350000000000299e-02
2.047500000000000014e-02 -5.185379999999999850e-02
2.050000000000000086e-02 -5.097879999999999773e-02
2.052499999999999811e-02 -4.981779999999999542e-02
2.055000000000000229e-02 -4.820900000000000185e-02
2.057499999999999954e-02 -4.594489999999999685e-02
2.060000000000000026e-02 -4.259429999999999467e-02
2.062500000000000097e-02 -3.777160000000000240e-02
2.064999999999999822e-02 -3.156980000000000203e-02
2.067500000000000240e-02 -2.454179999999999903e-02
2.069999999999999965e-02 -1.659249999999999961e-02
2.072500000000000037e-02 -6.771919999999999849e-03
2.075000000000000108e-02 4.973700000000000170e-03
2.077499999999999833e-02 1.572590000000000099e-02
2.079999999999999905e-02 2.322579999999999784e-02
2.082499999999999976e-02 2.761530000000000235e-02
2.085000000000000048e-02 2.956439999999999763e-02
2.087500000000000119e-02 2.953879999999999700e-02
2.089999999999999844e-02 2.781340000000000201e-02
2.092499999999999916e-02 2.461889999999999912e-02
2.094999999999999987e-02 2.025540000000000326e-02
2.097500000000000059e-02 1.512449999999999906e-02
2.100000000000000130e-02 9.662350000000000105e-03
2.102499999999999855e-02 4.219660000000000077e-03
2.104999999999999927e-02 -1.006680000000000031e-03
2.107499999999999998e-02 -5.960110000000000234e-03
2.110000000000000070e-02 -1.067620000000000027e-02
2.112500000000000142e-02 -1.524269999999999965e-02
2.114999999999999866e-02 -1.974960000000000257e-02
2.117499999999999938e-02 -2.421480000000000160e-02
2.120000000000000009e-02 -2.855720000000000133e-02
2.122500000000000081e-02 -3.262290000000000328e-02
2.125000000000000153e-02 -3.643009999999999998e-02
2.127499999999999877e-02 -4.013459999999999944e-02
2.129999999999999949e-02 -4.380210000000000353e-02
2.132500000000000021e-02 -4.734270000000000145e-02
2.135000000000000092e-02 -5.055089999999999584e-02
2.137500000000000164e-02 -5.325919999999999960e-02
2.139999999999999888e-02 -5.543859999999999760e-02
2.142499999999999960e-02 -5.716040000000000010e-02
2.145000000000000032e-02 -5.852290000000000270e-02
2.147500000000000103e-02 -5.961410000000000320e-02
2.149999999999999828e-02 -6.050229999999999497e-02
2.152499999999999900e-02 -6.123800000000000077e-02
2.154999999999999971e-02 -6.185770000000000157e-02
2.157500000000000043e-02 -6.238790000000000308e-02
2.160000000000000114e-02 -6.284789999999999821e-02
2.162499999999999839e-02 -6.325189999999999979e-02
2.164999999999999911e-02 -6.361030000000000850e-02
2.167499999999999982e-02 -6.393060000000000409e-02
2.170000000000000054e-02 -6.421860000000000068e-02
2.172500000000000125e-02 -6.447830000000000228e-02
2.174999999999999850e-02 -6.471290000000000375e-02
2.177499999999999922e-02 -6.492449999999999610e-02
2.179999999999999993e-02 -6.511509999999999521e-02
2.182500000000000065e-02 -6.528619999999998869e-02
2.185000000000000137e-02 -6.543890000000000817e-02
2.187499999999999861e-02 -6.557460000000001066e-02
2.189999999999999933e-02 -6.569410000000000527e-02
2.192500000000000004e-02 -6.579850000000000976e-02
2.195000000000000076e-02 -6.588859999999999162e-02
2.197500000000000148e-02 -6.596550000000001024e-02
2.199999999999999872e-02 -6.602990000000000248e-02
2.202499999999999944e-02 -6.608260000000000522e-02
2.205000000000000016e-02 -6.612430000000001085e-02
2.207500000000000087e-02 -6.615580000000000072e-02
2.210000000000000159e-02 -6.617780000000000884e-02
2.212499999999999883e-02 -6.619079999999999409e-02
2.214999999999999955e-02 -6.619549999999999046e-02
2.217500000000000027e-02 -6.619250000000000134e-02
2.220000000000000098e-02 -6.618219999999999659e-02
2.222500000000000170e-02 -6.616519999999999346e-02
2.224999999999999895e-02 -6.614190000000000347e-02
2.227499999999999966e-02 -6.611270000000001035e-02
2.230000000000000038e-02 -6.607810000000000072e-02
2.232499999999999762e-02 -6.603839999999999710e-02
2.235000000000000181e-02 -6.599399999999999711e-02
2.237499999999999906e-02 -6.594519999999999549e-02
2.239999999999999977e-02 -6.589219999999999799e-02
2.242500000000000049e-02 -6.583540000000000225e-02
2.244999999999999774e-02 -6.577509999999998913e-02
2.247500000000000192e-02 -6.571140000000000314e-02
2.249999999999999917e-02 -6.564449999999999452e-02
2.252499999999999988e-02 -6.557480000000000253e-02
2.255000000000000060e-02 -6.550239999999998841e-02
2.257499999999999785e-02 -6.542740000000001055e-02
2.260000000000000203e-02 -6.535009999999999430e-02
2.262499999999999928e-02 -6.527049999999999519e-02
2.264999999999999999e-02 -6.518890000000000795e-02
2.267500000000000071e-02 -6.510530000000000483e-02
2.269999999999999796e-02 -6.501980000000000259e-02
2.272500000000000214e-02 -6.493269999999999598e-02
2.274999999999999939e-02 -6.484390000000000986e-02
2.277500000000000011e-02 -6.475350000000000550e-02
2.280000000000000082e-02 -6.466180000000000538e-02
2.282499999999999807e-02 -6.456860000000000377e-02
2.285000000000000225e-02 -6.447419999999999540e-02
2.287499999999999950e-02 -6.437850000000000517e-02
2.290000000000000022e-02 -6.428159999999999430e-02
2.292500000000000093e-02 -6.418369999999999631e-02
2.294999999999999818e-02 -6.408459999999999157e-02
2.297500000000000236e-02 -6.398460000000000258e-02
2.299999999999999961e-02 -6.388359999999999872e-02
2.302499999999999686e-02 -6.378159999999999386e-02
2.305000000000000104e-02 -6.367870000000000474e-02
2.307499999999999829e-02 -6.357490000000000363e-02
2.310000000000000248e-02 -6.347030000000000727e-02
2.312499999999999972e-02 -6.336479999999999890e-02
2.314999999999999697e-02 -6.325859999999999816e-02
2.317500000000000115e-02 -6.315149999999999930e-02
2.319999999999999840e-02 -6.304359999999999131e-02
2.322500000000000259e-02 -6.293500000000000483e-02
2.324999999999999983e-02 -6.282549999999999246e-02
2.327499999999999708e-02 -6.271530000000000160e-02
2.330000000000000127e-02 -6.260430000000000161e-02
2.332499999999999851e-02 -6.249249999999999944e-02
2.335000000000000270e-02 -6.238000000000000489e-02
2.337499999999999994e-02 -6.226659999999999834e-02
2.339999999999999719e-02 -6.215250000000000635e-02
2.342500000000000138e-02 -6.203750000000000236e-02
2.344999999999999862e-02 -6.192170000000000313e-02
2.347500000000000281e-02 -6.180499999999999883e-02
2.350000000000000006e-02 -6.168749999999999928e-02
2.352499999999999730e-02 -6.156900000000000567e-02
2.355000000000000149e-02 -6.144960000000000006e-02
2.357499999999999873e-02 -6.132920000000000038e-02
2.360000000000000292e-02 -6.120779999999999971e-02
2.362500000000000017e-02 -6.108529999999999516e-02
2.364999999999999741e-02 -6.096170000000000061e-02
2.367500000000000160e-02 -6.083700000000000219e-02
2.369999999999999885e-02 -6.071100000000000108e-02
2.372500000000000303e-02 -6.058379999999999321e-02
2.375000000000000028e-02 -6.045520000000000060e-02
2.377499999999999752e-02 -6.032520000000000243e-02
2.380000000000000171e-02 -6.019370000000000276e-02
2.382499999999999896e-02 -6.006059999999999871e-02
2.385000000000000314e-02 -5.992569999999999841e-02
2.387500000000000039e-02 -5.978909999999999780e-02
2.389999999999999764e-02 -5.965050000000000213e-02
2.392500000000000182e-02 -5.950990000000000446e-02
2.394999999999999907e-02 -5.936709999999999904e-02
2.397499999999999978e-02 -5.922190000000000093e-02
2.400000000000000050e-02 -5.907420000000000032e-02
2.402499999999999775e-02 -5.892369999999999552e-02
2.405000000000000193e-02 -5.877029999999999754e-02
2.407499999999999918e-02 -5.861359999999999487e-02
2.409999999999999989e-02 -5.845349999999999852e-02
2.412500000000000061e-02 -5.828959999999999697e-02
2.414999999999999786e-02 -5.812149999999999955e-02
2.417500000000000204e-02 -5.794890000000000457e-02
2.419999999999999929e-02 -5.777129999999999765e-02
2.422500000000000001e-02 -5.758809999999999624e-02
2.425000000000000072e-02 -5.739889999999999576e-02
2.427499999999999797e-02 -5.720270000000000216e-02
2.430000000000000215e-02 -5.699889999999999818e-02
2.432499999999999940e-02 -5.678640000000000077e-02
2.435000000000000012e-02 -5.656400000000000317e-02
2.437500000000000083e-02 -5.633010000000000100e-02
2.439999999999999808e-02 -5.608310000000000378e-02
2.442500000000000226e-02 -5.582050000000000206e-02
2.444999999999999951e-02 -5.553940000000000266e-02
2.447500000000000023e-02 -5.523559999999999581e-02
2.450000000000000094e-02 -5.490389999999999854e-02
2.452499999999999819e-02 -5.453629999999999589e-02
2.455000000000000238e-02 -5.412109999999999838e-02
2.457499999999999962e-02 -5.363960000000000256e-02
2.460000000000000034e-02 -5.305930000000000368e-02
2.462500000000000105e-02 -5.232039999999999608e-02
2.464999999999999830e-02 -5.131320000000000325e-02
2.467499999999999902e-02 -4.988889999999999991e-02
2.469999999999999973e-02 -4.781780000000000058e-02
2.472500000000000045e-02 -4.470439999999999831e-02
2.475000000000000117e-02 -4.024020000000000374e-02
2.477499999999999841e-02 -3.447610000000000258e-02
2.479999999999999913e-02 -2.779399999999999926e-02
2.482499999999999984e-02 -2.055730000000000057e-02
2.485000000000000056e-02 -1.198579999999999958e-02
2.487500000000000128e-02 -1.200159999999999812e-03
2.489999999999999852e-02 1.038730000000000035e-02
2.492499999999999924e-02 1.955689999999999859e-02
2.494999999999999996e-02 2.543639999999999790e-02
2.497500000000000067e-02 2.860700000000000048e-02
2.500000000000000139e-02 2.965510000000000021e-02
2.502499999999999863e-02 2.892520000000000160e-02
2.504999999999999935e-02 2.663449999999999845e-02
2.507500000000000007e-02 2.301239999999999883e-02
2.510000000000000078e-02 1.838300000000000003e-02
2.512500000000000150e-02 1.315880000000000001e-02
2.514999999999999875e-02 7.746660000000000698e-03
2.517499999999999946e-02 2.437380000000000276e-03
2.520000000000000018e-02 -2.633350000000000014e-03
2.522500000000000089e-02 -7.454530000000000010e-03
2.525000000000000161e-02 -1.209130000000000101e-02
2.527499999999999886e-02 -1.663200000000000095e-02
2.529999999999999957e-02 -2.111499999999999835e-02
2.532500000000000029e-02 -2.549879999999999855e-02
2.535000000000000100e-02 -2.967720000000000080e-02
2.537500000000000172e-02 -3.351300000000000112e-02
2.539999999999999897e-02 -3.713539999999999897e-02
2.542499999999999968e-02 -4.068240000000000051e-02
2.545000000000000040e-02 -4.418549999999999561e-02
2.547500000000000112e-02 -4.753249999999999836e-02
2.549999999999999836e-02 -5.053110000000000240e-02
2.552499999999999908e-02 -5.304670000000000218e-02
2.554999999999999979e-02 -5.506899999999999989e-02
2.557500000000000051e-02 -5.666960000000000053e-02
2.560000000000000123e-02 -5.793990000000000251e-02
2.562499999999999847e-02 -5.896040000000000308e-02
2.564999999999999919e-02 -5.979379999999999418e-02
2.567499999999999991e-02 -6.048629999999999979e-02
2.570000000000000062e-02 -6.107169999999999960e-02
2.572500000000000134e-02 -6.157409999999999967e-02
2.574999999999999858e-02 -6.201160000000000005e-02
2.577499999999999930e-02 -6.239710000000000395e-02
2.580000000000000002e-02 -6.274029999999999885e-02
2.582500000000000073e-02 -6.304849999999999344e-02
2.585000000000000145e-02 -6.332720000000000016e-02
2.587499999999999870e-02 -6.358020000000000338e-02
2.589999999999999941e-02 -6.381059999999999510e-02
2.592500000000000013e-02 -6.402069999999999983e-02
2.595000000000000084e-02 -6.421190000000000231e-02
2.597500000000000156e-02 -6.438580000000000692e-02
2.599999999999999881e-02 -6.454340000000000077e-02
2.602499999999999952e-02 -6.468569999999999875e-02
2.605000000000000024e-02 -6.481350000000000999e-02
2.607500000000000095e-02 -6.492770000000000485e-02
2.610000000000000167e-02 -6.502910000000000634e-02
2.612499999999999892e-02 -6.511839999999999296e-02
2.614999999999999963e-02 -6.519629999999999870e-02
2.617500000000000035e-02 -6.526359999999999106e-02
2.619999999999999760e-02 -6.532100000000000406e-02
2.622500000000000178e-02 -6.536899999999999655e-02
2.624999999999999903e-02 -6.540830000000000255e-02
2.627499999999999974e-02 -6.543949999999999767e-02
2.630000000000000046e-02 -6.546309999999999629e-02
2.632499999999999771e-02 -6.547959999999999892e-02
2.635000000000000189e-02 -6.548959999999999504e-02
2.637499999999999914e-02 -6.549339999999999329e-02
2.639999999999999986e-02 -6.549140000000000517e-02
2.642500000000000057e-02 -6.548420000000000629e-02
2.644999999999999782e-02 -6.547199999999998854e-02
2.647500000000000200e-02 -6.545520000000000505e-02
2.649999999999999925e-02 -6.543409999999999505e-02
2.652499999999999997e-02 -6.540900000000000880e-02
2.655000000000000068e-02 -6.538009999999999655e-02
2.657499999999999793e-02 -6.534780000000001143e-02
2.660000000000000211e-02 -6.531220000000000081e-02
2.662499999999999936e-02 -6.527360000000000106e-02
2.665000000000000008e-02 -6.523220000000000407e-02
2.667500000000000079e-02 -6.518809999999999882e-02
2.669999999999999804e-02 -6.514159999999999395e-02
2.672500000000000223e-02 -6.509269999999998946e-02
2.674999999999999947e-02 -6.504170000000000784e-02
2.677500000000000019e-02 -6.498869999999999647e-02
2.680000000000000090e-02 -6.493369999999999698e-02
2.682499999999999815e-02 -6.487699999999999023e-02
2.685000000000000234e-02 -6.481850000000000112e-02
2.687499999999999958e-02 -6.475849999999999662e-02
2.690000000000000030e-02 -6.469700000000000450e-02
2.692500000000000102e-02 -6.463409999999999989e-02
2.694999999999999826e-02 -6.456979999999999664e-02
2.697500000000000245e-02 -6.450430000000000053e-02
2.699999999999999969e-02 -6.443759999999999766e-02
2.702499999999999694e-02 -6.436969999999998804e-02
2.705000000000000113e-02 -6.430079999999999130e-02
2.707499999999999837e-02 -6.423080000000000456e-02
2.710000000000000256e-02 -6.415989999999999194e-02
2.712499999999999981e-02 -6.408799999999999220e-02
2.714999999999999705e-02 -6.401529999999999720e-02
2.717500000000000124e-02 -6.394170000000000409e-02
2.719999999999999848e-02 -6.386730000000000185e-02
2.722500000000000267e-02 -6.379220000000000723e-02
2.724999999999999992e-02 -6.371630000000000349e-02
2.727499999999999716e-02 -6.363960000000000450e-02
2.730000000000000135e-02 -6.356230000000000213e-02
2.732499999999999860e-02 -6.348429999999999351e-02
2.735000000000000278e-02 -6.340570000000000928e-02
2.737500000000000003e-02 -6.332650000000000778e-02
2.739999999999999727e-02 -6.324660000000000004e-02
2.742500000000000146e-02 -6.316620000000000568e-02
2.744999999999999871e-02 -6.308519999999999406e-02
2.747500000000000289e-02 -6.300369999999999582e-02
2.750000000000000014e-02 -6.292150000000000520e-02
2.752499999999999739e-02 -6.283890000000000309e-02
2.755000000000000157e-02 -6.275580000000000047e-02
2.757499999999999882e-02 -6.267209999999999448e-02
2.760000000000000300e-02 -6.258790000000000187e-02
2.762500000000000025e-02 -6.250319999999999487e-02
2.764999999999999750e-02 -6.241800000000000126e-02
2.767500000000000168e-02 -6.233229999999999327e-02
2.769999999999999893e-02 -6.224600000000000272e-02
2.772500000000000311e-02 -6.215930000000000066e-02
2.775000000000000036e-02 -6.207209999999999811e-02
2.777499999999999761e-02 -6.198440000000000200e-02
2.780000000000000179e-02 -6.189609999999999557e-02
2.782499999999999904e-02 -6.180729999999999558e-02
2.784999999999999976e-02 -6.171800000000000203e-02
2.787500000000000047e-02 -6.162820000000000104e-02
2.789999999999999772e-02 -6.153779999999999667e-02
2.792500000000000190e-02 -6.144680000000000281e-02
2.794999999999999915e-02 -6.135520000000000557e-02
2.797499999999999987e-02 -6.126310000000000089e-02
2.800000000000000058e-02 -6.117029999999999690e-02
2.802499999999999783e-02 -6.107680000000000053e-02
2.805000000000000202e-02 -6.098270000000000080e-02
2.807499999999999926e-02 -6.088790000000000174e-02
2.809999999999999998e-02 -6.079230000000000050e-02
2.812500000000000069e-02 -6.069599999999999995e-02
2.814999999999999794e-02 -6.059889999999999721e-02
2.817500000000000213e-02 -6.050090000000000329e-02
2.819999999999999937e-02 -6.040200000000000430e-02
2.822500000000000009e-02 -6.030230000000000312e-02
2.825000000000000080e-02 -6.020150000000000501e-02
2.827499999999999805e-02 -6.009960000000000302e-02
2.830000000000000224e-02 -5.999670000000000003e-02
2.832499999999999948e-02 -5.989260000000000417e-02
2.835000000000000020e-02 -5.978719999999999868e-02
2.837500000000000092e-02 -5.968050000000000438e-02
2.839999999999999816e-02 -5.957230000000000164e-02
2.842500000000000235e-02 -5.946260000000000434e-02
2.844999999999999959e-02 -5.935130000000000267e-02
2.847500000000000031e-02 -5.923810000000000187e-02
2.850000000000000103e-02 -5.912309999999999788e-02
2.852499999999999827e-02 -5.900600000000000289e-02
2.854999999999999899e-02 -5.888660000000000422e-02
2.857499999999999971e-02 -5.876479999999999898e-02
2.860000000000000042e-02 -5.864030000000000631e-02
2.862500000000000114e-02 -5.851289999999999963e-02
2.864999999999999838e-02 -5.838219999999999521e-02
2.867499999999999910e-02 -5.824799999999999423e-02
2.869999999999999982e-02 -5.811000000000000193e-02
2.872500000000000053e-02 -5.796749999999999819e-02
2.875000000000000125e-02 -5.782009999999999927e-02
2.877499999999999850e-02 -5.766720000000000179e-02
2.879999999999999921e-02 -5.750800000000000356e-02
2.882499999999999993e-02 -5.734170000000000239e-02
2.885000000000000064e-02 -5.716709999999999847e-02
2.887500000000000136e-02 -5.698270000000000418e-02
2.889999999999999861e-02 -5.678679999999999839e-02
2.892499999999999932e-02 -5.657699999999999535e-02
2.895000000000000004e-02 -5.635000000000000425e-02
2.897500000000000075e-02 -5.610139999999999572e-02
2.900000000000000147e-02 -5.582430000000000031e-02
2.902499999999999872e-02 -5.550820000000000060e-02
2.904999999999999943e-02 -5.513529999999999820e-02
2.907500000000000015e-02 -5.467260000000000175e-02
2.910000000000000087e-02 -5.405580000000000107e-02
2.912500000000000158e-02 -5.317410000000000192e-02
2.914999999999999883e-02 -5.186160000000000075e-02
2.917499999999999954e-02 -4.985199999999999354e-02
2.920000000000000026e-02 -4.681770000000000376e-02
2.922500000000000098e-02 -4.255749999999999811e-02
2.925000000000000169e-02 -3.712529999999999997e-02
2.927499999999999894e-02 -3.077540000000000137e-02
2.929999999999999966e-02 -2.397710000000000119e-02
2.932500000000000037e-02 -1.632679999999999895e-02
2.935000000000000109e-02 -6.743909999999999662e-03
2.937499999999999833e-02 4.840979999999999936e-03
2.939999999999999905e-02 1.549550000000000059e-02
2.942499999999999977e-02 2.296519999999999812e-02
2.945000000000000048e-02 2.741120000000000015e-02
2.947500000000000120e-02 2.951409999999999798e-02
2.949999999999999845e-02 2.973229999999999970e-02
2.952499999999999916e-02 2.831610000000000030e-02
2.954999999999999988e-02 2.545549999999999896e-02
2.957500000000000059e-02 2.139970000000000067e-02
2.960000000000000131e-02 1.650570000000000162e-02
2.962499999999999856e-02 1.119219999999999937e-02
2.964999999999999927e-02 5.824959999999999687e-03
2.967499999999999999e-02 6.265739999999999678e-04
2.970000000000000070e-02 -4.331450000000000577e-03
2.972500000000000142e-02 -9.078460000000000002e-03
2.974999999999999867e-02 -1.367810000000000033e-02
2.977499999999999938e-02 -1.817970000000000003e-02
2.980000000000000010e-02 -2.257589999999999944e-02
2.982500000000000082e-02 -2.680760000000000087e-02
2.985000000000000153e-02 -3.077720000000000108e-02
2.987499999999999878e-02 -3.441229999999999983e-02
2.989999999999999949e-02 -3.788760000000000044e-02
2.992500000000000021e-02 -4.131329999999999725e-02
2.995000000000000093e-02 -4.468420000000000031e-02
2.997500000000000164e-02 -4.786789999999999795e-02
2.999999999999999889e-02 -5.068450000000000039e-02
