0.000000000000000000e+00 -6.500000000000000222e-02
2.500000000000000120e-05 -6.454239999999999977e-02
5.000000000000000240e-05 -6.421140000000000181e-02
7.499999999999999343e-05 -6.393260000000000609e-02
1.000000000000000048e-04 -6.368440000000000212e-02
1.250000000000000026e-04 -6.345680000000000764e-02
1.499999999999999869e-04 -6.324420000000000042e-02
1.749999999999999982e-04 -6.304319999999999369e-02
2.000000000000000096e-04 -6.285140000000000171e-02
2.249999999999999938e-04 -6.266710000000000336e-02
2.500000000000000052e-04 -6.248899999999999594e-02
2.750000000000000166e-04 -6.231620000000000215e-02
2.999999999999999737e-04 -6.214800000000000185e-02
3.249999999999999851e-04 -6.198349999999999693e-02
3.499999999999999964e-04 -6.182239999999999958e-02
3.750000000000000078e-04 -6.166409999999999947e-02
4.000000000000000192e-04 -6.150830000000000186e-02
4.249999999999999763e-04 -6.135449999999999932e-02
4.499999999999999877e-04 -6.120259999999999589e-02
4.749999999999999990e-04 -6.105210000000000498e-02
5.000000000000000104e-04 -6.090299999999999880e-02
5.250000000000000760e-04 -6.075480000000000463e-02
5.500000000000000331e-04 -6.060739999999999877e-02
5.749999999999999903e-04 -6.046050000000000035e-02
5.999999999999999474e-04 -6.031399999999999956e-02
6.250000000000000130e-04 -6.016760000000000164e-02
6.499999999999999702e-04 -6.002120000000000372e-02
6.750000000000000357e-04 -5.987449999999999717e-02
6.999999999999999929e-04 -5.972720000000000112e-02
7.249999999999999500e-04 -5.957919999999999883e-02
7.500000000000000156e-04 -5.943009999999999959e-02
7.749999999999999728e-04 -5.927980000000000055e-02
8.000000000000000383e-04 -5.912800000000000000e-02
8.249999999999999955e-04 -5.897420000000000440e-02
8.499999999999999526e-04 -5.881809999999999816e-02
8.750000000000000182e-04 -5.865920000000000162e-02
8.999999999999999754e-04 -5.849719999999999920e-02
9.250000000000000409e-04 -5.833119999999999972e-02
9.499999999999999981e-04 -5.816059999999999980e-02
9.749999999999999552e-04 -5.798449999999999438e-02
1.000000000000000021e-03 -5.780140000000000278e-02
1.024999999999999870e-03 -5.760990000000000555e-02
1.050000000000000152e-03 -5.740769999999999901e-02
1.075000000000000001e-03 -5.719140000000000335e-02
1.100000000000000066e-03 -5.695580000000000087e-02
1.124999999999999915e-03 -5.669259999999999577e-02
1.149999999999999981e-03 -5.638620000000000437e-02
1.175000000000000046e-03 -5.600530000000000092e-02
1.199999999999999895e-03 -5.548919999999999547e-02
1.225000000000000177e-03 -5.473340000000000150e-02
1.250000000000000026e-03 -5.355680000000000163e-02
1.274999999999999875e-03 -5.172339999999999577e-02
1.299999999999999940e-03 -4.898249999999999826e-02
1.325000000000000006e-03 -4.511889999999999651e-02
1.350000000000000071e-03 -4.005039999999999989e-02
1.374999999999999920e-03 -3.374210000000000403e-02
1.399999999999999986e-03 -2.634720000000000117e-02
1.425000000000000051e-03 -1.835519999999999860e-02
1.449999999999999900e-03 -7.767859999999999696e-03
1.475000000000000182e-03 7.505539999999999781e-03
1.500000000000000031e-03 2.251850000000000032e-02
1.524999999999999880e-03 3.145599999999999785e-02
1.549999999999999946e-03 3.562400000000000289e-02
1.575000000000000011e-03 3.679030000000000494e-02
1.600000000000000077e-03 3.576859999999999762e-02
1.624999999999999925e-03 3.289450000000000013e-02
1.649999999999999991e-03 2.841770000000000060e-02
1.675000000000000057e-03 2.270520000000000177e-02
1.699999999999999905e-03 1.628349999999999936e-02
1.725000000000000188e-03 9.699609999999999135e-03
1.750000000000000036e-03 3.303770000000000144e-03
1.774999999999999885e-03 -2.761179999999999798e-03
1.799999999999999951e-03 -8.579220000000000249e-03
1.825000000000000016e-03 -1.420780000000000133e-02
1.850000000000000082e-03 -1.963510000000000255e-02
1.874999999999999931e-03 -2.489200000000000093e-02
1.899999999999999996e-03 -2.984410000000000188e-02
1.925000000000000062e-03 -3.460900000000000087e-02
1.949999999999999910e-03 -3.982139999999999985e-02
1.975000000000000193e-03 -4.579029999999999906e-02
2.000000000000000042e-03 -5.196680000000000049e-02
2.024999999999999890e-03 -5.706369999999999498e-02
2.049999999999999739e-03 -6.063110000000000027e-02
2.075000000000000022e-03 -6.303990000000000982e-02
2.100000000000000304e-03 -6.469020000000000326e-02
2.125000000000000153e-03 -6.584679999999999700e-02
2.150000000000000001e-03 -6.667520000000000391e-02
2.174999999999999850e-03 -6.728019999999999834e-02
2.200000000000000133e-03 -6.772979999999999279e-02
2.224999999999999981e-03 -6.806790000000000063e-02
2.249999999999999830e-03 -6.832170000000001298e-02
2.275000000000000112e-03 -6.850720000000000420e-02
2.299999999999999961e-03 -6.863310000000000244e-02
2.325000000000000244e-03 -6.870510000000000506e-02
2.350000000000000092e-03 -6.872759999999999980e-02
2.374999999999999941e-03 -6.870529999999999693e-02
2.399999999999999790e-03 -6.864329999999999044e-02
2.424999999999999638e-03 -6.854680000000000495e-02
2.450000000000000355e-03 -6.842109999999999859e-02
2.475000000000000203e-03 -6.827129999999999310e-02
2.500000000000000052e-03 -6.810209999999999875e-02
2.524999999999999901e-03 -6.791769999999999752e-02
2.549999999999999750e-03 -6.772179999999999866e-02
2.575000000000000032e-03 -6.751759999999999706e-02
2.599999999999999881e-03 -6.730800000000000671e-02
2.625000000000000163e-03 -6.709539999999999949e-02
2.650000000000000012e-03 -6.688169999999998838e-02
2.674999999999999861e-03 -6.666880000000000028e-02
2.700000000000000143e-03 -6.645790000000000031e-02
2.724999999999999992e-03 -6.625029999999999808e-02
2.749999999999999840e-03 -6.604699999999999460e-02
2.775000000000000123e-03 -6.584860000000000713e-02
2.799999999999999972e-03 -6.565569999999999740e-02
2.825000000000000254e-03 -6.546890000000001042e-02
2.850000000000000103e-03 -6.528830000000000744e-02
2.874999999999999951e-03 -6.511440000000000283e-02
2.899999999999999800e-03 -6.494710000000000760e-02
2.924999999999999649e-03 -6.478649999999999687e-02
2.950000000000000365e-03 -6.463270000000000126e-02
2.975000000000000214e-03 -6.448550000000000115e-02
3.000000000000000062e-03 -6.434499999999999942e-02
3.024999999999999911e-03 -6.421090000000000131e-02
3.049999999999999760e-03 -6.408310000000000395e-02
3.075000000000000042e-03 -6.396140000000000159e-02
3.099999999999999891e-03 -6.384560000000000235e-02
3.125000000000000173e-03 -6.373560000000000336e-02
3.150000000000000022e-03 -6.363100000000000700e-02
3.174999999999999871e-03 -6.353169999999999651e-02
3.200000000000000153e-03 -6.343749999999999389e-02
3.225000000000000002e-03 -6.334800000000000153e-02
3.249999999999999851e-03 -6.326319999999999166e-02
3.274999999999999700e-03 -6.318269999999999442e-02
3.299999999999999982e-03 -6.310640000000000693e-02
3.325000000000000264e-03 -6.303399999999999281e-02
3.350000000000000113e-03 -6.296530000000000182e-02
3.374999999999999962e-03 -6.290010000000000046e-02
3.399999999999999811e-03 -6.283829999999999971e-02
3.424999999999999659e-03 -6.277950000000000197e-02
3.450000000000000375e-03 -6.272370000000000723e-02
3.475000000000000224e-03 -6.267069999999999586e-02
3.500000000000000073e-03 -6.262030000000000374e-02
3.524999999999999922e-03 -6.257229999999999737e-02
3.549999999999999770e-03 -6.252649999999999875e-02
3.575000000000000053e-03 -6.248290000000000094e-02
3.599999999999999901e-03 -6.244140000000000107e-02
3.625000000000000184e-03 -6.240160000000000151e-02
3.650000000000000033e-03 -6.236359999999999820e-02
3.674999999999999881e-03 -6.232719999999999927e-02
3.700000000000000164e-03 -6.229229999999999490e-02
3.725000000000000012e-03 -6.225870000000000015e-02
3.749999999999999861e-03 -6.222650000000000403e-02
3.774999999999999710e-03 -6.219530000000000197e-02
3.799999999999999992e-03 -6.216529999999999972e-02
3.825000000000000275e-03 -6.213629999999999848e-02
3.850000000000000124e-03 -6.210809999999999942e-02
3.874999999999999972e-03 -6.208070000000000255e-02
3.899999999999999821e-03 -6.205410000000000093e-02
3.924999999999999670e-03 -6.202810000000000268e-02
3.950000000000000386e-03 -6.200269999999999393e-02
3.975000000000000235e-03 -6.197779999999999956e-02
4.000000000000000083e-03 -6.195329999999999587e-02
4.024999999999999932e-03 -6.192920000000000369e-02
4.049999999999999781e-03 -6.190539999999999932e-02
4.075000000000000497e-03 -6.188190000000000357e-02
4.099999999999999478e-03 -6.185849999999999682e-02
4.125000000000000194e-03 -6.183529999999999582e-02
4.150000000000000043e-03 -6.181210000000000176e-02
4.174999999999999892e-03 -6.178890000000000077e-02
4.200000000000000608e-03 -6.176559999999999689e-02
4.224999999999999589e-03 -6.174229999999999996e-02
4.250000000000000305e-03 -6.171870000000000134e-02
4.275000000000000154e-03 -6.169489999999999696e-02
4.300000000000000003e-03 -6.167069999999999497e-02
4.324999999999999852e-03 -6.164619999999999822e-02
4.349999999999999700e-03 -6.162120000000000097e-02
4.375000000000000416e-03 -6.159560000000000035e-02
4.400000000000000265e-03 -6.156940000000000329e-02
4.425000000000000114e-03 -6.154240000000000405e-02
4.449999999999999963e-03 -6.151460000000000261e-02
4.474999999999999811e-03 -6.148570000000000424e-02
4.499999999999999660e-03 -6.145580000000000487e-02
4.525000000000000376e-03 -6.142439999999999706e-02
4.550000000000000225e-03 -6.139159999999999756e-02
4.575000000000000074e-03 -6.135690000000000588e-02
4.599999999999999922e-03 -6.132009999999999544e-02
4.624999999999999771e-03 -6.128079999999999639e-02
4.650000000000000487e-03 -6.123839999999999839e-02
4.674999999999999468e-03 -6.119240000000000096e-02
4.700000000000000185e-03 -6.114180000000000309e-02
4.725000000000000033e-03 -6.108529999999999516e-02
4.749999999999999882e-03 -6.102109999999999479e-02
4.775000000000000598e-03 -6.094619999999999899e-02
4.799999999999999580e-03 -6.085569999999999868e-02
4.825000000000000296e-03 -6.074059999999999876e-02
4.849999999999999277e-03 -6.058339999999999559e-02
4.874999999999999993e-03 -6.035039999999999849e-02
4.900000000000000709e-03 -5.998400000000000259e-02
4.924999999999999691e-03 -5.938110000000000610e-02
4.950000000000000407e-03 -5.838929999999999815e-02
4.974999999999999388e-03 -5.685169999999999807e-02
5.000000000000000104e-03 -5.463000000000000494e-02
5.024999999999999953e-03 -5.161040000000000072e-02
5.049999999999999802e-03 -4.780109999999999915e-02
5.075000000000000518e-03 -4.327089999999999409e-02
5.099999999999999499e-03 -3.801179999999999837e-02
5.125000000000000215e-03 -3.195520000000000305e-02
5.150000000000000064e-03 -2.526370000000000005e-02
5.174999999999999913e-03 -1.803579999999999767e-02
5.199999999999999761e-03 -8.382030000000000383e-03
5.224999999999999610e-03 5.386999999999999428e-03
5.250000000000000326e-03 1.934150000000000105e-02
5.275000000000000175e-03 2.804289999999999908e-02
5.300000000000000024e-03 3.225330000000000558e-02
5.324999999999999872e-03 3.361859999999999848e-02
5.349999999999999721e-03 3.297449999999999687e-02
5.374999999999999570e-03 3.067770000000000219e-02
5.400000000000000286e-03 2.696000000000000132e-02
5.425000000000000135e-03 2.212029999999999899e-02
5.449999999999999983e-03 1.657849999999999949e-02
5.474999999999999832e-03 1.079500000000000078e-02
5.499999999999999681e-03 5.115559999999999899e-03
5.525000000000000397e-03 -3.081479999999999506e-04
5.550000000000000246e-03 -5.472139999999999470e-03
5.575000000000000094e-03 -1.044040000000000072e-02
5.599999999999999943e-03 -1.529269999999999935e-02
5.624999999999999792e-03 -2.007190000000000016e-02
5.650000000000000508e-03 -2.475159999999999860e-02
5.674999999999999489e-03 -2.922680000000000070e-02
5.700000000000000205e-03 -3.353470000000000062e-02
5.725000000000000054e-03 -3.815149999999999791e-02
5.749999999999999903e-03 -4.333839999999999915e-02
5.775000000000000619e-03 -4.885070000000000384e-02
5.799999999999999600e-03 -5.380159999999999804e-02
5.825000000000000316e-03 -5.754379999999999912e-02
5.849999999999999298e-03 -6.018230000000000107e-02
5.875000000000000014e-03 -6.204930000000000168e-02
5.900000000000000730e-03 -6.340590000000000115e-02
5.924999999999999711e-03 -6.442340000000000566e-02
5.950000000000000427e-03 -6.521200000000000607e-02
5.974999999999999409e-03 -6.584370000000000500e-02
6.000000000000000125e-03 -6.636469999999999869e-02
6.024999999999999974e-03 -6.680260000000000364e-02
6.049999999999999822e-03 -6.717199999999999560e-02
6.075000000000000538e-03 -6.747929999999999207e-02
6.099999999999999520e-03 -6.772700000000000942e-02
6.125000000000000236e-03 -6.791719999999999702e-02
6.150000000000000085e-03 -6.805270000000000763e-02
6.174999999999999933e-03 -6.813710000000000599e-02
6.199999999999999782e-03 -6.817529999999999424e-02
6.224999999999999631e-03 -6.817249999999999699e-02
6.250000000000000347e-03 -6.813389999999999724e-02
6.275000000000000196e-03 -6.806489999999999763e-02
6.300000000000000044e-03 -6.797040000000000026e-02
6.324999999999999893e-03 -6.785489999999999577e-02
6.349999999999999742e-03 -6.772249999999999104e-02
6.374999999999999591e-03 -6.757689999999999531e-02
6.400000000000000307e-03 -6.742130000000000345e-02
6.425000000000000155e-03 -6.725860000000000172e-02
6.450000000000000004e-03 -6.709120000000000361e-02
6.474999999999999853e-03 -6.692120000000000013e-02
6.499999999999999702e-03 -6.675040000000000140e-02
6.525000000000000418e-03 -6.658029999999999504e-02
6.549999999999999399e-03 -6.641210000000000169e-02
6.575000000000000115e-03 -6.624679999999999458e-02
6.599999999999999964e-03 -6.608540000000000247e-02
6.624999999999999813e-03 -6.592829999999999524e-02
6.650000000000000529e-03 -6.577610000000000401e-02
6.674999999999999510e-03 -6.562919999999999865e-02
6.700000000000000226e-03 -6.548779999999999879e-02
6.725000000000000075e-03 -6.535200000000000731e-02
6.749999999999999924e-03 -6.522199999999998832e-02
6.775000000000000640e-03 -6.509770000000000834e-02
6.799999999999999621e-03 -6.497909999999999797e-02
6.825000000000000337e-03 -6.486620000000001274e-02
6.849999999999999319e-03 -6.475879999999999137e-02
6.875000000000000035e-03 -6.465669999999999751e-02
6.900000000000000751e-03 -6.455990000000000339e-02
6.924999999999999732e-03 -6.446819999999998940e-02
6.950000000000000448e-03 -6.438130000000000241e-02
6.974999999999999430e-03 -6.429909999999999792e-02
7.000000000000000146e-03 -6.422139999999999793e-02
7.024999999999999994e-03 -6.414790000000000769e-02
7.049999999999999843e-03 -6.407859999999999945e-02
7.075000000000000559e-03 -6.401309999999998945e-02
7.099999999999999541e-03 -6.395130000000000259e-02
7.125000000000000257e-03 -6.389300000000000535e-02
7.150000000000000105e-03 -6.383800000000000585e-02
7.174999999999999954e-03 -6.378620000000000123e-02
7.199999999999999803e-03 -6.373729999999999674e-02
7.224999999999999652e-03 -6.369120000000000337e-02
7.250000000000000368e-03 -6.364770000000000150e-02
7.275000000000000216e-03 -6.360670000000000213e-02
7.300000000000000065e-03 -6.356799999999999951e-02
7.324999999999999914e-03 -6.353150000000000464e-02
7.349999999999999763e-03 -6.349710000000000076e-02
7.374999999999999611e-03 -6.346450000000000702e-02
7.400000000000000328e-03 -6.343369999999999564e-02
7.425000000000000176e-03 -6.340460000000000540e-02
7.450000000000000025e-03 -6.337700000000000278e-02
7.474999999999999874e-03 -6.335090000000000166e-02
7.499999999999999722e-03 -6.332609999999999628e-02
7.525000000000000439e-03 -6.330249999999999766e-02
7.549999999999999420e-03 -6.328019999999999479e-02
7.575000000000000136e-03 -6.325889999999999291e-02
7.599999999999999985e-03 -6.323850000000000304e-02
7.624999999999999833e-03 -6.321910000000000029e-02
7.650000000000000550e-03 -6.320049999999999280e-02
7.674999999999999531e-03 -6.318269999999999442e-02
7.700000000000000247e-03 -6.316560000000000230e-02
7.724999999999999228e-03 -6.314920000000000255e-02
7.749999999999999944e-03 -6.313330000000000330e-02
7.775000000000000661e-03 -6.311800000000000743e-02
7.799999999999999642e-03 -6.310319999999999818e-02
7.825000000000000358e-03 -6.308869999999999756e-02
7.849999999999999339e-03 -6.307469999999999744e-02
7.875000000000000056e-03 -6.306100000000000594e-02
7.900000000000000772e-03 -6.304760000000000919e-02
7.924999999999999753e-03 -6.303450000000000719e-02
7.950000000000000469e-03 -6.302159999999999707e-02
7.974999999999999450e-03 -6.300889999999999269e-02
8.000000000000000167e-03 -6.299629999999999119e-02
8.025000000000000883e-03 -6.298389999999999544e-02
8.049999999999999864e-03 -6.297160000000000257e-02
8.074999999999998845e-03 -6.295929999999999582e-02
8.099999999999999561e-03 -6.294710000000000583e-02
8.125000000000000278e-03 -6.293490000000000195e-02
8.150000000000000994e-03 -6.292260000000000908e-02
8.174999999999999975e-03 -6.291030000000000233e-02
8.199999999999998956e-03 -6.289800000000000946e-02
8.224999999999999672e-03 -6.288549999999999696e-02
8.250000000000000389e-03 -6.287289999999999546e-02
8.275000000000001105e-03 -6.286020000000000496e-02
8.300000000000000086e-03 -6.284729999999999484e-02
8.324999999999999067e-03 -6.283410000000000384e-02
8.349999999999999784e-03 -6.282079999999999609e-02
8.375000000000000500e-03 -6.280720000000000747e-02
8.400000000000001216e-03 -6.279329999999999634e-02
8.425000000000000197e-03 -6.277910000000000434e-02
8.449999999999999178e-03 -6.276450000000000085e-02
8.474999999999999895e-03 -6.274960000000000260e-02
8.500000000000000611e-03 -6.273420000000000385e-02
8.524999999999999592e-03 -6.271840000000000748e-02
8.550000000000000308e-03 -6.270209999999999673e-02
8.574999999999999289e-03 -6.268519999999999648e-02
8.600000000000000006e-03 -6.266770000000000673e-02
8.625000000000000722e-03 -6.264949999999999686e-02
8.649999999999999703e-03 -6.263049999999999173e-02
8.675000000000000419e-03 -6.261079999999999424e-02
8.699999999999999400e-03 -6.259009999999999574e-02
8.725000000000000117e-03 -6.256839999999999624e-02
8.750000000000000833e-03 -6.254550000000000387e-02
8.774999999999999814e-03 -6.252130000000000187e-02
8.800000000000000530e-03 -6.249560000000000531e-02
8.824999999999999512e-03 -6.246820000000000150e-02
8.850000000000000228e-03 -6.243880000000000263e-02
8.874999999999999209e-03 -6.240699999999999720e-02
8.899999999999999925e-03 -6.237250000000000433e-02
8.925000000000000641e-03 -6.233460000000000389e-02
8.949999999999999623e-03 -6.229260000000000352e-02
8.975000000000000339e-03 -6.224530000000000340e-02
8.999999999999999320e-03 -6.219120000000000203e-02
9.025000000000000036e-03 -6.212780000000000385e-02
9.050000000000000752e-03 -6.205089999999999911e-02
9.074999999999999734e-03 -6.195339999999999875e-02
9.100000000000000450e-03 -6.182100000000000095e-02
9.124999999999999431e-03 -6.162660000000000360e-02
9.150000000000000147e-03 -6.132259999999999794e-02
9.175000000000000863e-03 -6.082470000000000238e-02
9.199999999999999845e-03 -5.999750000000000222e-02
9.224999999999998826e-03 -5.868489999999999818e-02
9.249999999999999542e-03 -5.675030000000000352e-02
9.275000000000000258e-03 -5.406210000000000182e-02
9.300000000000000974e-03 -5.057500000000000190e-02
9.324999999999999956e-03 -4.635469999999999868e-02
9.349999999999998937e-03 -4.144189999999999680e-02
9.374999999999999653e-03 -3.575549999999999562e-02
9.400000000000000369e-03 -2.923870000000000288e-02
9.425000000000001085e-03 -2.224280000000000007e-02
9.450000000000000067e-03 -1.390590000000000055e-02
9.474999999999999048e-03 -1.856020000000000109e-03
9.499999999999999764e-03 1.365689999999999960e-02
9.525000000000000480e-03 2.554129999999999942e-02
9.550000000000001196e-03 3.182009999999999700e-02
9.574999999999998443e-03 3.444870000000000571e-02
9.599999999999999159e-03 3.473299999999999998e-02
9.624999999999999875e-03 3.321889999999999565e-02
9.650000000000000591e-03 3.015520000000000006e-02
9.675000000000001307e-03 2.577700000000000130e-02
9.699999999999998554e-03 2.043779999999999902e-02
9.724999999999999270e-03 1.460399999999999893e-02
9.749999999999999986e-03 8.720480000000000939e-03
9.775000000000000702e-03 3.059009999999999594e-03
9.800000000000001418e-03 -2.304150000000000035e-03
9.824999999999998665e-03 -7.410079999999999445e-03
9.849999999999999381e-03 -1.234200000000000054e-02
9.875000000000000097e-03 -1.718010000000000023e-02
9.900000000000000813e-03 -2.194379999999999942e-02
9.925000000000001529e-03 -2.657479999999999912e-02
9.949999999999998776e-03 -3.093279999999999988e-02
9.974999999999999492e-03 -3.533570000000000461e-02
1.000000000000000021e-02 -4.021679999999999700e-02
1.002500000000000092e-02 -4.569809999999999844e-02
1.004999999999999991e-02 -5.121540000000000120e-02
1.007499999999999889e-02 -5.576779999999999932e-02
1.009999999999999960e-02 -5.902759999999999951e-02
1.012500000000000032e-02 -6.128560000000000257e-02
1.015000000000000104e-02 -6.287639999999999896e-02
1.017500000000000002e-02 -6.403090000000000170e-02
1.019999999999999900e-02 -6.489680000000000448e-02
1.022499999999999971e-02 -6.556900000000000228e-02
1.025000000000000043e-02 -6.610910000000000397e-02
1.027500000000000115e-02 -6.655640000000000167e-02
1.030000000000000013e-02 -6.693300000000000638e-02
1.032499999999999911e-02 -6.724979999999999847e-02
1.034999999999999983e-02 -6.751080000000000969e-02
1.037500000000000054e-02 -6.771760000000000279e-02
1.039999999999999952e-02 -6.787160000000000415e-02
1.042500000000000024e-02 -6.797549999999999426e-02
1.044999999999999922e-02 -6.803279999999999050e-02
1.047499999999999994e-02 -6.804819999999998925e-02
1.050000000000000065e-02 -6.802660000000000651e-02
1.052499999999999963e-02 -6.797320000000001139e-02
1.055000000000000035e-02 -6.789299999999999502e-02
1.057499999999999933e-02 -6.779049999999998966e-02
1.060000000000000005e-02 -6.766990000000000505e-02
1.062500000000000076e-02 -6.753520000000000356e-02
1.064999999999999974e-02 -6.738960000000000783e-02
1.067500000000000046e-02 -6.723619999999999597e-02
1.069999999999999944e-02 -6.707760000000000111e-02
1.072500000000000016e-02 -6.691590000000000038e-02
1.074999999999999914e-02 -6.675320000000001253e-02
1.077499999999999986e-02 -6.659099999999999742e-02
1.080000000000000057e-02 -6.643069999999999531e-02
1.082499999999999955e-02 -6.627339999999999620e-02
1.085000000000000027e-02 -6.611999999999999822e-02
1.087499999999999925e-02 -6.597129999999999661e-02
1.089999999999999997e-02 -6.582769999999998900e-02
1.092500000000000068e-02 -6.568960000000000077e-02
1.094999999999999966e-02 -6.555740000000000178e-02
1.097500000000000038e-02 -6.543120000000000880e-02
1.099999999999999936e-02 -6.531119999999999981e-02
1.102500000000000008e-02 -6.519719999999999682e-02
1.105000000000000079e-02 -6.508929999999998883e-02
1.107499999999999978e-02 -6.498740000000000072e-02
1.110000000000000049e-02 -6.489140000000000186e-02
1.112499999999999947e-02 -6.480110000000000037e-02
1.115000000000000019e-02 -6.471639999999999338e-02
1.117500000000000090e-02 -6.463689999999999714e-02
1.119999999999999989e-02 -6.456259999999999777e-02
1.122499999999999887e-02 -6.449330000000000340e-02
1.124999999999999958e-02 -6.442860000000000253e-02
1.127500000000000030e-02 -6.436849999999999516e-02
1.130000000000000102e-02 -6.431259999999999755e-02
1.132500000000000000e-02 -6.426080000000000680e-02
1.134999999999999898e-02 -6.421280000000000043e-02
1.137499999999999969e-02 -6.416840000000000044e-02
1.140000000000000041e-02 -6.412750000000000394e-02
1.142500000000000113e-02 -6.408980000000000232e-02
1.145000000000000011e-02 -6.405519999999999270e-02
1.147499999999999909e-02 -6.402339999999999420e-02
1.149999999999999981e-02 -6.399430000000000396e-02
1.152500000000000052e-02 -6.396779999999999133e-02
1.155000000000000124e-02 -6.394360000000000321e-02
1.157499999999999848e-02 -6.392159999999999509e-02
1.159999999999999920e-02 -6.390160000000000284e-02
1.162499999999999992e-02 -6.388359999999999872e-02
1.165000000000000063e-02 -6.386740000000000472e-02
1.167500000000000135e-02 -6.385280000000000122e-02
1.169999999999999860e-02 -6.383980000000000210e-02
1.172499999999999931e-02 -6.382820000000000160e-02
1.175000000000000003e-02 -6.381789999999999685e-02
1.177500000000000074e-02 -6.380890000000000173e-02
1.180000000000000146e-02 -6.380099999999999660e-02
1.182499999999999871e-02 -6.379410000000000636e-02
1.184999999999999942e-02 -6.378820000000000323e-02
1.187500000000000014e-02 -6.378309999999999536e-02
1.190000000000000085e-02 -6.377889999999999948e-02
1.192500000000000157e-02 -6.377539999999999598e-02
1.194999999999999882e-02 -6.377259999999999873e-02
1.197499999999999953e-02 -6.377040000000000486e-02
1.200000000000000025e-02 -6.376869999999999761e-02
1.202500000000000097e-02 -6.376750000000000473e-02
1.204999999999999995e-02 -6.376679999999999848e-02
1.207499999999999893e-02 -6.376650000000000373e-02
1.209999999999999964e-02 -6.376650000000000373e-02
1.212500000000000036e-02 -6.376690000000000136e-02
1.215000000000000108e-02 -6.376750000000000473e-02
1.217500000000000006e-02 -6.376829999999999998e-02
1.219999999999999904e-02 -6.376940000000000386e-02
1.222499999999999976e-02 -6.377059999999999673e-02
1.225000000000000047e-02 -6.377199999999999536e-02
1.227500000000000119e-02 -6.377349999999999686e-02
1.230000000000000017e-02 -6.377510000000000123e-02
1.232499999999999915e-02 -6.377679999999999461e-02
1.234999999999999987e-02 -6.377850000000000186e-02
1.237500000000000058e-02 -6.378029999999999811e-02
1.239999999999999956e-02 -6.378199999999999148e-02
1.242500000000000028e-02 -6.378380000000000161e-02
1.244999999999999926e-02 -6.378549999999999498e-02
1.247499999999999998e-02 -6.378720000000000223e-02
1.250000000000000069e-02 -6.378880000000000661e-02
1.252499999999999968e-02 -6.379030000000000811e-02
1.255000000000000039e-02 -6.379179999999999573e-02
1.257499999999999937e-02 -6.379319999999999435e-02
1.260000000000000009e-02 -6.379440000000000111e-02
1.262500000000000080e-02 -6.379559999999999398e-02
1.264999999999999979e-02 -6.379659999999999498e-02
1.267500000000000050e-02 -6.379749999999999310e-02
1.269999999999999948e-02 -6.379819999999999935e-02
1.272500000000000020e-02 -6.379880000000000273e-02
1.274999999999999918e-02 -6.379920000000000035e-02
1.277499999999999990e-02 -6.379949999999999510e-02
1.280000000000000061e-02 -6.379949999999999510e-02
1.282499999999999959e-02 -6.379939999999999223e-02
1.285000000000000031e-02 -6.379909999999999748e-02
1.287499999999999929e-02 -6.379859999999999698e-02
1.290000000000000001e-02 -6.379780000000000173e-02
1.292500000000000072e-02 -6.379690000000000361e-02
1.294999999999999971e-02 -6.379569999999999685e-02
1.297500000000000042e-02 -6.379429999999999823e-02
1.299999999999999940e-02 -6.379260000000000486e-02
1.302500000000000012e-02 -6.379070000000000573e-02
1.305000000000000084e-02 -6.378860000000000086e-02
1.307499999999999982e-02 -6.378609999999999836e-02
1.309999999999999880e-02 -6.378340000000000398e-02
1.312499999999999951e-02 -6.378040000000000098e-02
1.315000000000000023e-02 -6.377700000000000036e-02
1.317500000000000095e-02 -6.377340000000000786e-02
1.319999999999999993e-02 -6.376940000000000386e-02
1.322499999999999891e-02 -6.376509999999999123e-02
1.324999999999999963e-02 -6.376049999999999773e-02
1.327500000000000034e-02 -6.375540000000000374e-02
1.330000000000000106e-02 -6.375000000000000111e-02
1.332500000000000004e-02 -6.374409999999999799e-02
1.334999999999999902e-02 -6.373779999999999724e-02
1.337499999999999974e-02 -6.373099999999999599e-02
1.340000000000000045e-02 -6.372369999999999424e-02
1.342500000000000117e-02 -6.371589999999999199e-02
1.345000000000000015e-02 -6.370760000000000312e-02
1.347499999999999913e-02 -6.369859999999999411e-02
1.349999999999999985e-02 -6.368889999999999274e-02
1.352500000000000056e-02 -6.367860000000000187e-02
1.355000000000000128e-02 -6.366750000000000187e-02
1.357499999999999853e-02 -6.365550000000000375e-02
1.359999999999999924e-02 -6.364260000000000750e-02
1.362499999999999996e-02 -6.362869999999999637e-02
1.365000000000000067e-02 -6.361359999999999237e-02
1.367500000000000139e-02 -6.359720000000000650e-02
1.369999999999999864e-02 -6.357939999999999425e-02
1.372499999999999935e-02 -6.356000000000000538e-02
1.375000000000000007e-02 -6.353860000000000063e-02
1.377500000000000079e-02 -6.351500000000000201e-02
1.380000000000000150e-02 -6.348869999999999514e-02
1.382499999999999875e-02 -6.345929999999999627e-02
1.384999999999999946e-02 -6.342589999999999339e-02
1.387500000000000018e-02 -6.338760000000000228e-02
1.390000000000000090e-02 -6.334289999999999365e-02
1.392499999999999988e-02 -6.328949999999999854e-02
1.394999999999999886e-02 -6.322370000000000767e-02
1.397499999999999958e-02 -6.313889999999999780e-02
1.400000000000000029e-02 -6.302239999999999231e-02
1.402500000000000101e-02 -6.284990000000000021e-02
1.404999999999999999e-02 -6.257899999999999574e-02
1.407499999999999897e-02 -6.213489999999999985e-02
1.409999999999999969e-02 -6.139390000000000125e-02
1.412500000000000040e-02 -6.020600000000000257e-02
1.415000000000000112e-02 -5.843489999999999795e-02
1.417500000000000010e-02 -5.594819999999999655e-02
1.419999999999999908e-02 -5.266839999999999716e-02
1.422499999999999980e-02 -4.864750000000000324e-02
1.425000000000000051e-02 -4.395770000000000233e-02
1.427499999999999949e-02 -3.855200000000000293e-02
1.430000000000000021e-02 -3.228730000000000488e-02
1.432499999999999919e-02 -2.527049999999999783e-02
1.434999999999999991e-02 -1.760800000000000212e-02
1.437500000000000062e-02 -7.056449999999999702e-03
1.439999999999999961e-02 8.203530000000000544e-03
1.442500000000000032e-02 2.264199999999999893e-02
1.444999999999999930e-02 3.094119999999999857e-02
1.447500000000000002e-02 3.472659999999999636e-02
1.450000000000000074e-02 3.578379999999999755e-02
1.452499999999999972e-02 3.490599999999999953e-02
1.455000000000000043e-02 3.240350000000000175e-02
1.457499999999999941e-02 2.848010000000000125e-02
1.460000000000000013e-02 2.342369999999999869e-02
1.462500000000000085e-02 1.766200000000000062e-02
1.464999999999999983e-02 1.167880000000000133e-02
1.467500000000000054e-02 5.841569999999999922e-03
1.469999999999999953e-02 3.085079999999999810e-04
1.472500000000000024e-02 -4.923969999999999736e-03
1.474999999999999922e-02 -9.932650000000001200e-03
1.477499999999999994e-02 -1.480979999999999970e-02
1.480000000000000066e-02 -1.961449999999999999e-02
1.482499999999999964e-02 -2.432840000000000003e-02
1.485000000000000035e-02 -2.884719999999999993e-02
1.487499999999999933e-02 -3.315839999999999760e-02
1.490000000000000005e-02 -3.779039999999999483e-02
1.492500000000000077e-02 -4.306700000000000111e-02
1.494999999999999975e-02 -4.879910000000000497e-02
1.497500000000000046e-02 -5.401929999999999926e-02
1.499999999999999944e-02 -5.792920000000000014e-02
1.502500000000000016e-02 -6.062429999999999902e-02
1.505000000000000088e-02 -6.248240000000000044e-02
1.507499999999999986e-02 -6.379719999999999835e-02
1.509999999999999884e-02 -6.475799999999999612e-02
1.512499999999999956e-02 -6.548450000000000104e-02
1.515000000000000027e-02 -6.605419999999999348e-02
1.517500000000000099e-02 -6.651730000000000143e-02
1.519999999999999997e-02 -6.690419999999999701e-02
1.522499999999999895e-02 -6.723080000000000722e-02
1.524999999999999967e-02 -6.750390000000000557e-02
1.527500000000000038e-02 -6.772530000000000217e-02
1.530000000000000110e-02 -6.789589999999999514e-02
1.532500000000000008e-02 -6.801709999999999701e-02
1.534999999999999906e-02 -6.809160000000000212e-02
1.537499999999999978e-02 -6.812340000000000062e-02
1.540000000000000049e-02 -6.811700000000001087e-02
1.542500000000000121e-02 -6.807749999999999913e-02
1.544999999999999846e-02 -6.800979999999999526e-02
1.547499999999999917e-02 -6.791859999999999564e-02
1.549999999999999989e-02 -6.780819999999999903e-02
1.552500000000000061e-02 -6.768259999999999554e-02
1.555000000000000132e-02 -6.754540000000000544e-02
1.557499999999999857e-02 -6.739960000000000395e-02
1.559999999999999928e-02 -6.724809999999999122e-02
1.562500000000000000e-02 -6.709310000000000274e-02
1.565000000000000072e-02 -6.693680000000000463e-02
1.567500000000000143e-02 -6.678080000000000127e-02
1.569999999999999868e-02 -6.662659999999999416e-02
1.572499999999999939e-02 -6.647549999999999293e-02
1.575000000000000011e-02 -6.632839999999999570e-02
1.577500000000000083e-02 -6.618600000000000871e-02
1.580000000000000154e-02 -6.604909999999999948e-02
1.582499999999999879e-02 -6.591790000000000149e-02
1.584999999999999951e-02 -6.579290000000000138e-02
1.587500000000000022e-02 -6.567420000000000202e-02
1.590000000000000094e-02 -6.556199999999999528e-02
1.592500000000000165e-02 -6.545619999999999217e-02
1.594999999999999890e-02 -6.535680000000000656e-02
1.597499999999999962e-02 -6.526369999999999394e-02
1.600000000000000033e-02 -6.517680000000000695e-02
1.602499999999999758e-02 -6.509589999999999821e-02
1.605000000000000177e-02 -6.502079999999998972e-02
1.607499999999999901e-02 -6.495140000000000635e-02
1.609999999999999973e-02 -6.488729999999999498e-02
1.612500000000000044e-02 -6.482840000000000824e-02
1.614999999999999769e-02 -6.477439999999999587e-02
1.617500000000000188e-02 -6.472509999999999375e-02
1.619999999999999912e-02 -6.468019999999999325e-02
1.622499999999999984e-02 -6.463950000000000251e-02
1.625000000000000056e-02 -6.460290000000000477e-02
1.627499999999999780e-02 -6.456989999999999952e-02
1.630000000000000199e-02 -6.454050000000000065e-02
1.632499999999999923e-02 -6.451450000000000240e-02
1.634999999999999995e-02 -6.449150000000000715e-02
1.637500000000000067e-02 -6.447150000000000103e-02
1.639999999999999791e-02 -6.445420000000000316e-02
1.642500000000000210e-02 -6.443949999999999678e-02
1.644999999999999934e-02 -6.442720000000000391e-02
1.647500000000000006e-02 -6.441710000000000491e-02
1.650000000000000078e-02 -6.440909999999999691e-02
1.652499999999999802e-02 -6.440300000000000191e-02
1.655000000000000221e-02 -6.439870000000000316e-02
1.657499999999999946e-02 -6.439599999999999491e-02
1.660000000000000017e-02 -6.439490000000000491e-02
1.662500000000000089e-02 -6.439519999999999966e-02
1.664999999999999813e-02 -6.439680000000000404e-02
1.667500000000000232e-02 -6.439960000000000129e-02
1.669999999999999957e-02 -6.440349999999998853e-02
1.672500000000000028e-02 -6.440840000000000454e-02
1.675000000000000100e-02 -6.441419999999999091e-02
1.677499999999999825e-02 -6.442090000000000316e-02
1.680000000000000243e-02 -6.442839999999999678e-02
1.682499999999999968e-02 -6.443649999999999378e-02
1.685000000000000039e-02 -6.444529999999999703e-02
1.687500000000000111e-02 -6.445460000000000078e-02
1.689999999999999836e-02 -6.446439999999999115e-02
1.692499999999999907e-02 -6.447469999999999590e-02
1.694999999999999979e-02 -6.448539999999999828e-02
1.697500000000000051e-02 -6.449649999999999828e-02
1.700000000000000122e-02 -6.450790000000000690e-02
1.702499999999999847e-02 -6.451949999999999352e-02
1.704999999999999918e-02 -6.453140000000000265e-02
1.707499999999999990e-02 -6.454349999999998977e-02
1.710000000000000062e-02 -6.455580000000001040e-02
1.712500000000000133e-02 -6.456820000000000614e-02
1.714999999999999858e-02 -6.458079999999999377e-02
1.717499999999999930e-02 -6.459340000000000914e-02
1.720000000000000001e-02 -6.460609999999999964e-02
1.722500000000000073e-02 -6.461879999999999014e-02
1.725000000000000144e-02 -6.463160000000001126e-02
1.727499999999999869e-02 -6.464440000000000464e-02
1.729999999999999941e-02 -6.465709999999999513e-02
1.732500000000000012e-02 -6.466990000000000238e-02
1.735000000000000084e-02 -6.468259999999999288e-02
1.737500000000000155e-02 -6.469529999999999725e-02
1.739999999999999880e-02 -6.470789999999999875e-02
1.742499999999999952e-02 -6.472039999999999738e-02
1.745000000000000023e-02 -6.473289999999999600e-02
1.747500000000000095e-02 -6.474530000000000562e-02
1.750000000000000167e-02 -6.475749999999999562e-02
1.752499999999999891e-02 -6.476969999999999950e-02
1.754999999999999963e-02 -6.478180000000000049e-02
1.757500000000000034e-02 -6.479379999999999862e-02
1.760000000000000106e-02 -6.480560000000000487e-02
1.762499999999999831e-02 -6.481730000000000824e-02
1.764999999999999902e-02 -6.482899999999999774e-02
1.767499999999999974e-02 -6.484040000000000636e-02
1.770000000000000046e-02 -6.485180000000000111e-02
1.772500000000000117e-02 -6.486300000000000399e-02
1.774999999999999842e-02 -6.487410000000000398e-02
1.777499999999999913e-02 -6.488510000000000111e-02
1.779999999999999985e-02 -6.489589999999999248e-02
1.782500000000000057e-02 -6.490659999999999485e-02
1.785000000000000128e-02 -6.491719999999999435e-02
1.787499999999999853e-02 -6.492760000000000198e-02
1.789999999999999925e-02 -6.493789999999999285e-02
1.792499999999999996e-02 -6.494809999999999472e-02
1.795000000000000068e-02 -6.495820000000000760e-02
1.797500000000000139e-02 -6.496810000000000085e-02
1.799999999999999864e-02 -6.497780000000000222e-02
1.802499999999999936e-02 -6.498750000000000360e-02
1.805000000000000007e-02 -6.499699999999999922e-02
1.807500000000000079e-02 -6.500640000000000585e-02
1.810000000000000150e-02 -6.501569999999999572e-02
1.812499999999999875e-02 -6.502479999999999372e-02
1.814999999999999947e-02 -6.503380000000000272e-02
1.817500000000000018e-02 -6.504279999999999784e-02
1.820000000000000090e-02 -6.505149999999999821e-02
1.822500000000000162e-02 -6.506019999999999859e-02
1.824999999999999886e-02 -6.506879999999999609e-02
1.827499999999999958e-02 -6.507720000000000171e-02
1.830000000000000029e-02 -6.508559999999999346e-02
1.832500000000000101e-02 -6.509380000000000721e-02
1.835000000000000173e-02 -6.510190000000000421e-02
1.837499999999999897e-02 -6.511000000000000121e-02
1.839999999999999969e-02 -6.511790000000000633e-02
1.842500000000000041e-02 -6.512569999999999470e-02
1.844999999999999765e-02 -6.513349999999999695e-02
1.847500000000000184e-02 -6.514109999999999345e-02
1.849999999999999908e-02 -6.514860000000000095e-02
1.852499999999999980e-02 -6.515609999999999458e-02
1.855000000000000052e-02 -6.516349999999999920e-02
1.857499999999999776e-02 -6.517069999999999808e-02
1.860000000000000195e-02 -6.517789999999999695e-02
1.862499999999999920e-02 -6.518500000000000683e-02
1.864999999999999991e-02 -6.519210000000000282e-02
1.867500000000000063e-02 -6.519899999999999307e-02
1.869999999999999787e-02 -6.520589999999999720e-02
1.872500000000000206e-02 -6.521269999999999845e-02
1.874999999999999931e-02 -6.521949999999999970e-02
1.877500000000000002e-02 -6.522610000000000907e-02
1.880000000000000074e-02 -6.523269999999999069e-02
1.882499999999999798e-02 -6.523930000000000007e-02
1.885000000000000217e-02 -6.524580000000000657e-02
1.887499999999999942e-02 -6.525219999999999632e-02
1.890000000000000013e-02 -6.525849999999999707e-02
1.892500000000000085e-02 -6.526479999999999781e-02
1.894999999999999810e-02 -6.527109999999999856e-02
1.897500000000000228e-02 -6.527719999999999356e-02
1.899999999999999953e-02 -6.528340000000000531e-02
1.902500000000000024e-02 -6.528950000000000031e-02
1.905000000000000096e-02 -6.529550000000000631e-02
1.907499999999999821e-02 -6.530149999999999844e-02
1.910000000000000239e-02 -6.530740000000000156e-02
1.912499999999999964e-02 -6.531330000000000469e-02
1.914999999999999689e-02 -6.531910000000000494e-02
1.917500000000000107e-02 -6.532490000000000518e-02
1.919999999999999832e-02 -6.533069999999999156e-02
1.922500000000000250e-02 -6.533640000000000281e-02
1.924999999999999975e-02 -6.534210000000000018e-02
1.927499999999999700e-02 -6.534780000000001143e-02
1.930000000000000118e-02 -6.535339999999999205e-02
1.932499999999999843e-02 -6.535900000000000043e-02
1.935000000000000261e-02 -6.536450000000000593e-02
1.937499999999999986e-02 -6.537000000000001143e-02
1.939999999999999711e-02 -6.537550000000000305e-02
1.942500000000000129e-02 -6.538099999999999468e-02
1.944999999999999854e-02 -6.538639999999999730e-02
1.947500000000000273e-02 -6.539179999999999993e-02
1.949999999999999997e-02 -6.539720000000000255e-02
1.952499999999999722e-02 -6.540250000000000230e-02
1.955000000000000140e-02 -6.540779999999998817e-02
1.957499999999999865e-02 -6.541310000000000180e-02
1.960000000000000284e-02 -6.541840000000000155e-02
1.962500000000000008e-02 -6.542359999999999842e-02
1.964999999999999733e-02 -6.542889999999999817e-02
1.967500000000000152e-02 -6.543409999999999505e-02
1.969999999999999876e-02 -6.543920000000000292e-02
1.972500000000000295e-02 -6.544439999999999980e-02
1.975000000000000019e-02 -6.544949999999999379e-02
1.977499999999999744e-02 -6.545470000000000454e-02
1.980000000000000163e-02 -6.545979999999999854e-02
1.982499999999999887e-02 -6.546480000000000354e-02
1.985000000000000306e-02 -6.546989999999999754e-02
1.987500000000000031e-02 -6.547490000000000254e-02
1.989999999999999755e-02 -6.548000000000001042e-02
1.992500000000000174e-02 -6.548500000000000154e-02
1.994999999999999898e-02 -6.548999999999999266e-02
1.997499999999999970e-02 -6.549499999999999766e-02
2.000000000000000042e-02 -6.549989999999999979e-02
2.002499999999999766e-02 -6.550490000000000479e-02
2.005000000000000185e-02 -6.550979999999999304e-02
2.007499999999999910e-02 -6.551470000000000904e-02
2.009999999999999981e-02 -6.551959999999999729e-02
2.012500000000000053e-02 -6.552449999999999941e-02
2.014999999999999777e-02 -6.552930000000001254e-02
2.017500000000000196e-02 -6.553420000000000079e-02
2.019999999999999921e-02 -6.553900000000000003e-02
2.022499999999999992e-02 -6.554379999999999928e-02
2.025000000000000064e-02 -6.554859999999999853e-02
2.027499999999999789e-02 -6.555339999999999778e-02
2.030000000000000207e-02 -6.555809999999999416e-02
2.032499999999999932e-02 -6.556289999999999341e-02
2.035000000000000003e-02 -6.556760000000000366e-02
2.037500000000000075e-02 -6.557230000000000003e-02
2.039999999999999800e-02 -6.557699999999999640e-02
2.042500000000000218e-02 -6.558169999999999278e-02
2.044999999999999943e-02 -6.558640000000000303e-02
2.047500000000000014e-02 -6.559099999999999653e-02
2.050000000000000086e-02 -6.559560000000000390e-02
2.052499999999999811e-02 -6.560019999999999740e-02
2.055000000000000229e-02 -6.560479999999999090e-02
2.057499999999999954e-02 -6.560939999999999828e-02
2.060000000000000026e-02 -6.561390000000000278e-02
2.062500000000000097e-02 -6.561849999999999627e-02
2.064999999999999822e-02 -6.562300000000000078e-02
2.067500000000000240e-02 -6.562749999999999140e-02
2.069999999999999965e-02 -6.563200000000000978e-02
2.072500000000000037e-02 -6.563639999999999752e-02
2.075000000000000108e-02 -6.564079999999999915e-02
2.077499999999999833e-02 -6.564520000000000077e-02
2.079999999999999905e-02 -6.564960000000000240e-02
2.082499999999999976e-02 -6.565399999999999014e-02
2.085000000000000048e-02 -6.565830000000000277e-02
2.087500000000000119e-02 -6.566270000000000440e-02
2.089999999999999844e-02 -6.566700000000000315e-02
2.092499999999999916e-02 -6.567119999999999902e-02
2.094999999999999987e-02 -6.567549999999999777e-02
2.097500000000000059e-02 -6.567969999999999364e-02
2.100000000000000130e-02 -6.568389999999998952e-02
2.102499999999999855e-02 -6.568809999999999927e-02
2.104999999999999927e-02 -6.569230000000000902e-02
2.107499999999999998e-02 -6.569640000000000202e-02
2.110000000000000070e-02 -6.570050000000000889e-02
2.112500000000000142e-02 -6.570460000000000189e-02
2.114999999999999866e-02 -6.570860000000000589e-02
2.117499999999999938e-02 -6.571269999999999889e-02
2.120000000000000009e-02 -6.571670000000000289e-02
2.122500000000000081e-02 -6.572060000000000402e-02
2.125000000000000153e-02 -6.572459999999999414e-02
2.127499999999999877e-02 -6.572849999999999526e-02
2.129999999999999949e-02 -6.573239999999999639e-02
2.132500000000000021e-02 -6.573629999999999751e-02
2.135000000000000092e-02 -6.574009999999999576e-02
2.137500000000000164e-02 -6.574389999999999401e-02
2.139999999999999888e-02 -6.574769999999999226e-02
2.142499999999999960e-02 -6.575140000000000151e-02
2.145000000000000032e-02 -6.575509999999999688e-02
2.147500000000000103e-02 -6.575879999999999226e-02
2.149999999999999828e-02 -6.576250000000000151e-02
2.152499999999999900e-02 -6.576609999999999401e-02
2.154999999999999971e-02 -6.576970000000000038e-02
2.157500000000000043e-02 -6.577330000000000676e-02
2.160000000000000114e-02 -6.577679999999999638e-02
2.162499999999999839e-02 -6.578029999999999988e-02
2.164999999999999911e-02 -6.578380000000000338e-02
2.167499999999999982e-02 -6.578720000000000401e-02
2.170000000000000054e-02 -6.579060000000000463e-02
2.172500000000000125e-02 -6.579399999999999138e-02
2.174999999999999850e-02 -6.579730000000000301e-02
2.177499999999999922e-02 -6.580060000000000076e-02
2.179999999999999993e-02 -6.580389999999999850e-02
2.182500000000000065e-02 -6.580719999999999625e-02
2.185000000000000137e-02 -6.581040000000000501e-02
2.187499999999999861e-02 -6.581350000000001088e-02
2.189999999999999933e-02 -6.581669999999999188e-02
2.192500000000000004e-02 -6.581979999999999775e-02
2.195000000000000076e-02 -6.582290000000000363e-02
2.197500000000000148e-02 -6.582590000000000663e-02
2.199999999999999872e-02 -6.582890000000000963e-02
2.202499999999999944e-02 -6.583189999999999875e-02
2.205000000000000016e-02 -6.583490000000000175e-02
2.207500000000000087e-02 -6.583780000000000188e-02
2.210000000000000159e-02 -6.584059999999999913e-02
2.212499999999999883e-02 -6.584349999999999925e-02
2.214999999999999955e-02 -6.584629999999999650e-02
2.217500000000000027e-02 -6.584910000000000763e-02
2.220000000000000098e-02 -6.585180000000000200e-02
2.222500000000000170e-02 -6.585449999999999637e-02
2.224999999999999895e-02 -6.585720000000000462e-02
2.227499999999999966e-02 -6.585980000000001000e-02
2.230000000000000038e-02 -6.586239999999998762e-02
2.232499999999999762e-02 -6.586499999999999300e-02
2.235000000000000181e-02 -6.586750000000000937e-02
2.237499999999999906e-02 -6.586999999999999800e-02
2.239999999999999977e-02 -6.587250000000000050e-02
2.242500000000000049e-02 -6.587490000000000012e-02
2.244999999999999774e-02 -6.587729999999999975e-02
2.247500000000000192e-02 -6.587959999999999650e-02
2.249999999999999917e-02 -6.588200000000001000e-02
2.252499999999999988e-02 -6.588429999999999287e-02
2.255000000000000060e-02 -6.588650000000000062e-02
2.257499999999999785e-02 -6.588869999999999449e-02
2.260000000000000203e-02 -6.589090000000000225e-02
2.262499999999999928e-02 -6.589310000000001000e-02
2.264999999999999999e-02 -6.589520000000000099e-02
2.267500000000000071e-02 -6.589730000000000587e-02
2.269999999999999796e-02 -6.589939999999999687e-02
2.272500000000000214e-02 -6.590139999999999887e-02
2.274999999999999939e-02 -6.590340000000000087e-02
2.277500000000000011e-02 -6.590529999999999999e-02
2.280000000000000082e-02 -6.590730000000000199e-02
2.282499999999999807e-02 -6.590909999999999824e-02
2.285000000000000225e-02 -6.591099999999999737e-02
2.287499999999999950e-02 -6.591280000000000749e-02
2.290000000000000022e-02 -6.591459999999998987e-02
2.292500000000000093e-02 -6.591639999999999999e-02
2.294999999999999818e-02 -6.591809999999999337e-02
2.297500000000000236e-02 -6.591980000000000062e-02
2.299999999999999961e-02 -6.592140000000000499e-02
2.302499999999999686e-02 -6.592309999999999837e-02
2.305000000000000104e-02 -6.592470000000000274e-02
2.307499999999999829e-02 -6.592619999999999036e-02
2.310000000000000248e-02 -6.592780000000000862e-02
2.312499999999999972e-02 -6.592929999999999624e-02
2.314999999999999697e-02 -6.593069999999999486e-02
2.317500000000000115e-02 -6.593219999999999636e-02
2.319999999999999840e-02 -6.593359999999999499e-02
2.322500000000000259e-02 -6.593490000000000462e-02
2.324999999999999983e-02 -6.593630000000000324e-02
2.327499999999999708e-02 -6.593759999999999899e-02
2.330000000000000127e-02 -6.593890000000000862e-02
2.332499999999999851e-02 -6.594010000000000149e-02
2.335000000000000270e-02 -6.594139999999999724e-02
2.337499999999999994e-02 -6.594260000000000399e-02
2.339999999999999719e-02 -6.594370000000000787e-02
2.342500000000000138e-02 -6.594479999999999786e-02
2.344999999999999862e-02 -6.594589999999998786e-02
2.347500000000000281e-02 -6.594700000000000562e-02
2.350000000000000006e-02 -6.594809999999999561e-02
2.352499999999999730e-02 -6.594909999999999661e-02
2.355000000000000149e-02 -6.595010000000001149e-02
2.357499999999999873e-02 -6.595099999999999574e-02
2.360000000000000292e-02 -6.595189999999999386e-02
2.362500000000000017e-02 -6.595279999999999199e-02
2.364999999999999741e-02 -6.595370000000000399e-02
2.367500000000000160e-02 -6.595449999999999924e-02
2.369999999999999885e-02 -6.595539999999999736e-02
2.372500000000000303e-02 -6.595610000000000361e-02
2.375000000000000028e-02 -6.595689999999999886e-02
2.377499999999999752e-02 -6.595760000000000511e-02
2.380000000000000171e-02 -6.595829999999999749e-02
2.382499999999999896e-02 -6.595900000000000374e-02
2.385000000000000314e-02 -6.595959999999999324e-02
2.387500000000000039e-02 -6.596029999999999949e-02
2.389999999999999764e-02 -6.596089999999998899e-02
2.392500000000000182e-02 -6.596140000000000336e-02
2.394999999999999907e-02 -6.596200000000000674e-02
2.397499999999999978e-02 -6.596250000000000724e-02
2.400000000000000050e-02 -6.596299999999999386e-02
2.402499999999999775e-02 -6.596339999999999149e-02
2.405000000000000193e-02 -6.596389999999999199e-02
2.407499999999999918e-02 -6.596429999999998961e-02
2.409999999999999989e-02 -6.596469999999998723e-02
2.412500000000000061e-02 -6.596500000000000974e-02
2.414999999999999786e-02 -6.596540000000000736e-02
2.417500000000000204e-02 -6.596570000000000211e-02
2.419999999999999929e-02 -6.596599999999999686e-02
2.422500000000000001e-02 -6.596620000000000261e-02
2.425000000000000072e-02 -6.596649999999999736e-02
2.427499999999999797e-02 -6.596670000000000311e-02
2.430000000000000215e-02 -6.596689999999999499e-02
2.432499999999999940e-02 -6.596699999999999786e-02
2.435000000000000012e-02 -6.596720000000000361e-02
2.437500000000000083e-02 -6.596729999999999261e-02
2.439999999999999808e-02 -6.596739999999999549e-02
2.442500000000000226e-02 -6.596749999999999836e-02
2.444999999999999951e-02 -6.596749999999999836e-02
2.447500000000000023e-02 -6.596760000000000124e-02
2.450000000000000094e-02 -6.596760000000000124e-02
2.452499999999999819e-02 -6.596749999999999836e-02
2.455000000000000238e-02 -6.596749999999999836e-02
2.457499999999999962e-02 -6.596739999999999549e-02
2.460000000000000034e-02 -6.596739999999999549e-02
2.462500000000000105e-02 -6.596729999999999261e-02
2.464999999999999830e-02 -6.596710000000000074e-02
2.467499999999999902e-02 -6.596699999999999786e-02
2.469999999999999973e-02 -6.596680000000000599e-02
2.472500000000000045e-02 -6.596660000000000024e-02
2.475000000000000117e-02 -6.596639999999999449e-02
2.477499999999999841e-02 -6.596620000000000261e-02
2.479999999999999913e-02 -6.596590000000000786e-02
2.482499999999999984e-02 -6.596559999999999924e-02
2.485000000000000056e-02 -6.596530000000000449e-02
2.487500000000000128e-02 -6.596500000000000974e-02
2.489999999999999852e-02 -6.596469999999998723e-02
2.492499999999999924e-02 -6.596429999999998961e-02
2.494999999999999996e-02 -6.596399999999999486e-02
2.497500000000000067e-02 -6.596359999999999724e-02
2.500000000000000139e-02 -6.596319999999999961e-02
2.502499999999999863e-02 -6.596269999999999911e-02
2.504999999999999935e-02 -6.596230000000000149e-02
2.507500000000000007e-02 -6.596180000000000099e-02
2.510000000000000078e-02 -6.596130000000000049e-02
2.512500000000000150e-02 -6.596079999999999999e-02
2.514999999999999875e-02 -6.596029999999999949e-02
2.517499999999999946e-02 -6.595969999999999611e-02
2.520000000000000018e-02 -6.595919999999999561e-02
2.522500000000000089e-02 -6.595860000000000611e-02
2.525000000000000161e-02 -6.595800000000000274e-02
2.527499999999999886e-02 -6.595740000000001324e-02
2.529999999999999957e-02 -6.595669999999999311e-02
2.532500000000000029e-02 -6.595610000000000361e-02
2.535000000000000100e-02 -6.595539999999999736e-02
2.537500000000000172e-02 -6.595470000000000499e-02
2.539999999999999897e-02 -6.595399999999999874e-02
2.542499999999999968e-02 -6.595329999999999249e-02
2.545000000000000040e-02 -6.595260000000000011e-02
2.547500000000000112e-02 -6.595180000000000486e-02
2.549999999999999836e-02 -6.595099999999999574e-02
2.552499999999999908e-02 -6.595030000000000336e-02
2.554999999999999979e-02 -6.594939999999999136e-02
2.557500000000000051e-02 -6.594859999999999611e-02
2.560000000000000123e-02 -6.594780000000000086e-02
2.562499999999999847e-02 -6.594690000000000274e-02
2.564999999999999919e-02 -6.594610000000000749e-02
2.567499999999999991e-02 -6.594519999999999549e-02
2.570000000000000062e-02 -6.594429999999999736e-02
2.572500000000000134e-02 -6.594339999999999924e-02
2.574999999999999858e-02 -6.594240000000001212e-02
2.577499999999999930e-02 -6.594150000000000011e-02
2.580000000000000002e-02 -6.594049999999999911e-02
2.582500000000000073e-02 -6.593960000000000099e-02
2.585000000000000145e-02 -6.593859999999999999e-02
2.587499999999999870e-02 -6.593759999999999899e-02
2.589999999999999941e-02 -6.593649999999999511e-02
2.592500000000000013e-02 -6.593550000000000799e-02
2.595000000000000084e-02 -6.593449999999999311e-02
2.597500000000000156e-02 -6.593340000000000312e-02
2.599999999999999881e-02 -6.593229999999999924e-02
2.602499999999999952e-02 -6.593120000000000924e-02
2.605000000000000024e-02 -6.593009999999999149e-02
2.607500000000000095e-02 -6.592900000000000149e-02
2.610000000000000167e-02 -6.592789999999999762e-02
2.612499999999999892e-02 -6.592669999999999086e-02
2.614999999999999963e-02 -6.592560000000000087e-02
2.617500000000000035e-02 -6.592440000000000799e-02
2.619999999999999760e-02 -6.592319999999998736e-02
2.622500000000000178e-02 -6.592199999999999449e-02
2.624999999999999903e-02 -6.592080000000000162e-02
2.627499999999999974e-02 -6.591960000000000874e-02
2.630000000000000046e-02 -6.591829999999999912e-02
2.632499999999999771e-02 -6.591710000000000624e-02
2.635000000000000189e-02 -6.591580000000001049e-02
2.637499999999999914e-02 -6.591450000000000087e-02
2.639999999999999986e-02 -6.591320000000000512e-02
2.642500000000000057e-02 -6.591190000000000937e-02
2.644999999999999782e-02 -6.591059999999999974e-02
2.647500000000000200e-02 -6.590930000000000399e-02
2.649999999999999925e-02 -6.590799999999999437e-02
2.652499999999999997e-02 -6.590659999999999574e-02
2.655000000000000068e-02 -6.590529999999999999e-02
2.657499999999999793e-02 -6.590389999999998749e-02
2.660000000000000211e-02 -6.590250000000000274e-02
2.662499999999999936e-02 -6.590110000000000412e-02
2.665000000000000008e-02 -6.589969999999999162e-02
2.667500000000000079e-02 -6.589830000000000687e-02
2.669999999999999804e-02 -6.589680000000000537e-02
2.672500000000000223e-02 -6.589539999999999287e-02
2.674999999999999947e-02 -6.589390000000000525e-02
2.677500000000000019e-02 -6.589249999999999274e-02
2.680000000000000090e-02 -6.589100000000000512e-02
2.682499999999999815e-02 -6.588950000000000362e-02
2.685000000000000234e-02 -6.588800000000000212e-02
2.687499999999999958e-02 -6.588650000000000062e-02
2.690000000000000030e-02 -6.588499999999999912e-02
2.692500000000000102e-02 -6.588349999999999762e-02
2.694999999999999826e-02 -6.588190000000000712e-02
2.697500000000000245e-02 -6.588039999999999174e-02
2.699999999999999969e-02 -6.587880000000000125e-02
2.702499999999999694e-02 -6.587729999999999975e-02
2.705000000000000113e-02 -6.587569999999999537e-02
2.707499999999999837e-02 -6.587410000000000487e-02
2.710000000000000256e-02 -6.587250000000000050e-02
2.712499999999999981e-02 -6.587090000000001000e-02
2.714999999999999705e-02 -6.586929999999999175e-02
2.717500000000000124e-02 -6.586770000000000125e-02
2.719999999999999848e-02 -6.586599999999999400e-02
2.722500000000000267e-02 -6.586440000000000350e-02
2.724999999999999992e-02 -6.586270000000001013e-02
2.727499999999999716e-02 -6.586100000000000287e-02
2.730000000000000135e-02 -6.585939999999999850e-02
2.732499999999999860e-02 -6.585769999999999125e-02
2.735000000000000278e-02 -6.585599999999999787e-02
2.737500000000000003e-02 -6.585429999999999062e-02
2.739999999999999727e-02 -6.585259999999999725e-02
2.742500000000000146e-02 -6.585089999999999000e-02
2.744999999999999871e-02 -6.584910000000000763e-02
2.747500000000000289e-02 -6.584739999999998650e-02
2.750000000000000014e-02 -6.584569999999999312e-02
2.752499999999999739e-02 -6.584390000000001075e-02
2.755000000000000157e-02 -6.584210000000000063e-02
2.757499999999999882e-02 -6.584040000000000725e-02
2.760000000000000300e-02 -6.583859999999999713e-02
2.762500000000000025e-02 -6.583680000000000088e-02
2.764999999999999750e-02 -6.583499999999999075e-02
2.767500000000000168e-02 -6.583320000000000838e-02
2.769999999999999893e-02 -6.583139999999999825e-02
2.772500000000000311e-02 -6.582960000000000200e-02
2.775000000000000036e-02 -6.582769999999998900e-02
2.777499999999999761e-02 -6.582590000000000663e-02
2.780000000000000179e-02 -6.582409999999999650e-02
2.782499999999999904e-02 -6.582219999999999738e-02
2.784999999999999976e-02 -6.582040000000000113e-02
2.787500000000000047e-02 -6.581850000000000200e-02
2.789999999999999772e-02 -6.581659999999998900e-02
2.792500000000000190e-02 -6.581470000000000375e-02
2.794999999999999915e-02 -6.581279999999999075e-02
2.797499999999999987e-02 -6.581100000000000838e-02
2.800000000000000058e-02 -6.580899999999999250e-02
2.802499999999999783e-02 -6.580710000000000726e-02
2.805000000000000202e-02 -6.580519999999999425e-02
2.807499999999999926e-02 -6.580329999999999513e-02
2.809999999999999998e-02 -6.580139999999999600e-02
2.812500000000000069e-02 -6.579940000000000788e-02
2.814999999999999794e-02 -6.579749999999999488e-02
2.817500000000000213e-02 -6.579550000000000676e-02
2.819999999999999937e-02 -6.579359999999999375e-02
2.822500000000000009e-02 -6.579160000000000563e-02
2.825000000000000080e-02 -6.578959999999998975e-02
2.827499999999999805e-02 -6.578760000000000163e-02
2.830000000000000224e-02 -6.578570000000000251e-02
2.832499999999999948e-02 -6.578370000000000051e-02
2.835000000000000020e-02 -6.578169999999999851e-02
2.837500000000000092e-02 -6.577970000000001038e-02
2.839999999999999816e-02 -6.577760000000000551e-02
2.842500000000000235e-02 -6.577560000000000351e-02
2.844999999999999959e-02 -6.577360000000000151e-02
2.847500000000000031e-02 -6.577160000000001339e-02
2.850000000000000103e-02 -6.576949999999999463e-02
2.852499999999999827e-02 -6.576749999999999263e-02
2.854999999999999899e-02 -6.576540000000000163e-02
2.857499999999999971e-02 -6.576339999999999963e-02
2.860000000000000042e-02 -6.576130000000000864e-02
2.862500000000000114e-02 -6.575920000000000376e-02
2.864999999999999838e-02 -6.575720000000000176e-02
2.867499999999999910e-02 -6.575509999999999688e-02
2.869999999999999982e-02 -6.575300000000000589e-02
2.872500000000000053e-02 -6.575090000000000101e-02
2.875000000000000125e-02 -6.574879999999999614e-02
2.877499999999999850e-02 -6.574670000000000514e-02
2.879999999999999921e-02 -6.574460000000000026e-02
2.882499999999999993e-02 -6.574250000000000926e-02
2.885000000000000064e-02 -6.574039999999999051e-02
2.887500000000000136e-02 -6.573820000000001051e-02
2.889999999999999861e-02 -6.573609999999999176e-02
2.892499999999999932e-02 -6.573400000000000076e-02
2.895000000000000004e-02 -6.573180000000000689e-02
2.897500000000000075e-02 -6.572969999999998814e-02
2.900000000000000147e-02 -6.572750000000000814e-02
2.902499999999999872e-02 -6.572539999999998939e-02
2.904999999999999943e-02 -6.572320000000000939e-02
2.907500000000000015e-02 -6.572100000000000164e-02
2.910000000000000087e-02 -6.571890000000001064e-02
2.912500000000000158e-02 -6.571670000000000289e-02
2.914999999999999883e-02 -6.571449999999999514e-02
2.917499999999999954e-02 -6.571230000000000127e-02
2.920000000000000026e-02 -6.571009999999999351e-02
2.922500000000000098e-02 -6.570789999999999964e-02
2.925000000000000169e-02 -6.570569999999999189e-02
2.927499999999999894e-02 -6.570350000000001189e-02
2.929999999999999966e-02 -6.570130000000000414e-02
2.932500000000000037e-02 -6.569909999999999639e-02
2.935000000000000109e-02 -6.569690000000000252e-02
2.937499999999999833e-02 -6.569459999999999189e-02
2.939999999999999905e-02 -6.569240000000001189e-02
2.942499999999999977e-02 -6.569020000000000414e-02
2.945000000000000048e-02 -6.568789999999999352e-02
2.947500000000000120e-02 -6.568569999999999964e-02
2.949999999999999845e-02 -6.568340000000000289e-02
2.952499999999999916e-02 -6.568120000000000902e-02
2.954999999999999988e-02 -6.567889999999999839e-02
2.957500000000000059e-02 -6.567669999999999064e-02
2.960000000000000131e-02 -6.567440000000000777e-02
2.962499999999999856e-02 -6.567209999999999714e-02
2.964999999999999927e-02 -6.566980000000000040e-02
2.967499999999999999e-02 -6.566759999999999264e-02
2.970000000000000070e-02 -6.566529999999999589e-02
2.972500000000000142e-02 -6.566299999999999915e-02
2.974999999999999867e-02 -6.566070000000000240e-02
2.977499999999999938e-02 -6.565840000000000565e-02
2.980000000000000010e-02 -6.565609999999999502e-02
2.982500000000000082e-02 -6.565379999999999827e-02
2.985000000000000153e-02 -6.565150000000000152e-02
2.987499999999999878e-02 -6.564919999999999090e-02
2.989999999999999949e-02 -6.564690000000000802e-02
2.992500000000000021e-02 -6.564459999999999740e-02
2.995000000000000093e-02 -6.564219999999999777e-02
2.997500000000000164e-02 -6.563990000000000102e-02
2.999999999999999889e-02 -6.563760000000000427e-02
