0.000000e+00	-7.000000e-02	
2.500000e-05	-6.972778e-02	
5.000000e-05	-6.947744e-02	
7.500000e-05	-6.926683e-02	
1.000000e-04	-6.907712e-02	
1.250000e-04	-6.890094e-02	
1.500000e-04	-6.873447e-02	
1.750000e-04	-6.857544e-02	
2.000000e-04	-6.842232e-02	
2.250000e-04	-6.827408e-02	
2.500000e-04	-6.812994e-02	
2.750000e-04	-6.798932e-02	
3.000000e-04	-6.785176e-02	
3.250000e-04	-6.771692e-02	
3.500000e-04	-6.758449e-02	
3.750000e-04	-6.745424e-02	
4.000000e-04	-6.732596e-02	
4.250000e-04	-6.719949e-02	
4.500000e-04	-6.707467e-02	
4.750000e-04	-6.695138e-02	
5.000000e-04	-6.682951e-02	
5.250000e-04	-6.670896e-02	
5.500000e-04	-6.658965e-02	
5.750000e-04	-6.647151e-02	
6.000000e-04	-6.635446e-02	
6.250000e-04	-6.623844e-02	
6.500000e-04	-6.612340e-02	
6.750000e-04	-6.600928e-02	
7.000000e-04	-6.589605e-02	
7.250000e-04	-6.578365e-02	
7.500000e-04	-6.567206e-02	
7.750000e-04	-6.556123e-02	
8.000000e-04	-6.545114e-02	
8.250000e-04	-6.534175e-02	
8.500000e-04	-6.523303e-02	
8.750000e-04	-6.512496e-02	
9.000000e-04	-6.501751e-02	
9.250000e-04	-6.491067e-02	
9.500000e-04	-6.480441e-02	
9.750000e-04	-6.469870e-02	
1.000000e-03	-6.459354e-02	
1.025000e-03	-6.448889e-02	
1.050000e-03	-6.438476e-02	
1.075000e-03	-6.428111e-02	
1.100000e-03	-6.417795e-02	
1.125000e-03	-6.407524e-02	
1.150000e-03	-6.397298e-02	
1.175000e-03	-6.387116e-02	
1.200000e-03	-6.376977e-02	
1.225000e-03	-6.366879e-02	
1.250000e-03	-6.356821e-02	
1.275000e-03	-6.346802e-02	
1.300000e-03	-6.336822e-02	
1.325000e-03	-6.326879e-02	
1.350000e-03	-6.316973e-02	
1.375000e-03	-6.307103e-02	
1.400000e-03	-6.297267e-02	
1.425000e-03	-6.287466e-02	
1.450000e-03	-6.277698e-02	
1.475000e-03	-6.267963e-02	
1.500000e-03	-6.258259e-02	
1.525000e-03	-6.248586e-02	
1.550000e-03	-6.238944e-02	
1.575000e-03	-6.229332e-02	
1.600000e-03	-6.219750e-02	
1.625000e-03	-6.210196e-02	
1.650000e-03	-6.200671e-02	
1.675000e-03	-6.191175e-02	
1.700000e-03	-6.181706e-02	
1.725000e-03	-6.172265e-02	
1.750000e-03	-6.162850e-02	
1.775000e-03	-6.153463e-02	
1.800000e-03	-6.144102e-02	
1.825000e-03	-6.134768e-02	
1.850000e-03	-6.125459e-02	
1.875000e-03	-6.116176e-02	
1.900000e-03	-6.106919e-02	
1.925000e-03	-6.097687e-02	
1.950000e-03	-6.088480e-02	
1.975000e-03	-6.079298e-02	
2.000000e-03	-6.070141e-02	
2.025000e-03	-6.061008e-02	
2.050000e-03	-6.051900e-02	
2.075000e-03	-6.042816e-02	
2.100000e-03	-6.033756e-02	
2.125000e-03	-6.024721e-02	
2.150000e-03	-6.015709e-02	
2.175000e-03	-6.006721e-02	
2.200000e-03	-5.997757e-02	
2.225000e-03	-5.988817e-02	
2.250000e-03	-5.979900e-02	
2.275000e-03	-5.971007e-02	
2.300000e-03	-5.962138e-02	
2.325000e-03	-5.953292e-02	
2.350000e-03	-5.944470e-02	
2.375000e-03	-5.935671e-02	
2.400000e-03	-5.926896e-02	
2.425000e-03	-5.918144e-02	
2.450000e-03	-5.909415e-02	
2.475000e-03	-5.900710e-02	
2.500000e-03	-5.892028e-02	
2.525000e-03	-5.883370e-02	
2.550000e-03	-5.874735e-02	
2.575000e-03	-5.866123e-02	
2.600000e-03	-5.857535e-02	
2.625000e-03	-5.848969e-02	
2.650000e-03	-5.840427e-02	
2.675000e-03	-5.831909e-02	
2.700000e-03	-5.823413e-02	
2.725000e-03	-5.814941e-02	
2.750000e-03	-5.806491e-02	
2.775000e-03	-5.798065e-02	
2.800000e-03	-5.789661e-02	
2.825000e-03	-5.781281e-02	
2.850000e-03	-5.772923e-02	
2.875000e-03	-5.764588e-02	
2.900000e-03	-5.756275e-02	
2.925000e-03	-5.747985e-02	
2.950000e-03	-5.739716e-02	
2.975000e-03	-5.731470e-02	
3.000000e-03	-5.723245e-02	
3.025000e-03	-5.715042e-02	
3.050000e-03	-5.706860e-02	
3.075000e-03	-5.698698e-02	
3.100000e-03	-5.690557e-02	
3.125000e-03	-5.682436e-02	
3.150000e-03	-5.674335e-02	
3.175000e-03	-5.666252e-02	
3.200000e-03	-5.658188e-02	
3.225000e-03	-5.650141e-02	
3.250000e-03	-5.642111e-02	
3.275000e-03	-5.634098e-02	
3.300000e-03	-5.626099e-02	
3.325000e-03	-5.618115e-02	
3.350000e-03	-5.610144e-02	
3.375000e-03	-5.602184e-02	
3.400000e-03	-5.594235e-02	
3.425000e-03	-5.586295e-02	
3.450000e-03	-5.578362e-02	
3.475000e-03	-5.570434e-02	
3.500000e-03	-5.562509e-02	
3.525000e-03	-5.554585e-02	
3.550000e-03	-5.546659e-02	
3.575000e-03	-5.538727e-02	
3.600000e-03	-5.530788e-02	
3.625000e-03	-5.522836e-02	
3.650000e-03	-5.514868e-02	
3.675000e-03	-5.506879e-02	
3.700000e-03	-5.498863e-02	
3.725000e-03	-5.490814e-02	
3.750000e-03	-5.482726e-02	
3.775000e-03	-5.474589e-02	
3.800000e-03	-5.466395e-02	
3.825000e-03	-5.458133e-02	
3.850000e-03	-5.449790e-02	
3.875000e-03	-5.441352e-02	
3.900000e-03	-5.432800e-02	
3.925000e-03	-5.424114e-02	
3.950000e-03	-5.415269e-02	
3.975000e-03	-5.406233e-02	
4.000000e-03	-5.396970e-02	
4.025000e-03	-5.387431e-02	
4.050000e-03	-5.377558e-02	
4.075000e-03	-5.367272e-02	
4.100000e-03	-5.356472e-02	
4.125000e-03	-5.345021e-02	
4.150000e-03	-5.332727e-02	
4.175000e-03	-5.319318e-02	
4.200000e-03	-5.304391e-02	
4.225000e-03	-5.287326e-02	
4.250000e-03	-5.267149e-02	
4.275000e-03	-5.242316e-02	
4.300000e-03	-5.210529e-02	
4.325000e-03	-5.168897e-02	
4.350000e-03	-5.113890e-02	
4.375000e-03	-5.040623e-02	
4.400000e-03	-4.943863e-02	
4.425000e-03	-4.820604e-02	
4.450000e-03	-4.670561e-02	
4.475000e-03	-4.496380e-02	
4.500000e-03	-4.302852e-02	
4.525000e-03	-4.092894e-02	
4.550000e-03	-3.866467e-02	
4.575000e-03	-3.621532e-02	
4.600000e-03	-3.354843e-02	
4.625000e-03	-3.061803e-02	
4.650000e-03	-2.738387e-02	
4.675000e-03	-2.384442e-02	
4.700000e-03	-2.006722e-02	
4.725000e-03	-1.588691e-02	
4.750000e-03	-1.086083e-02	
4.775000e-03	-4.586929e-03	
4.800000e-03	2.999186e-03	
4.825000e-03	1.102419e-02	
4.850000e-03	1.767899e-02	
4.875000e-03	2.177324e-02	
4.900000e-03	2.344710e-02	
4.925000e-03	2.307163e-02	
4.950000e-03	2.081213e-02	
4.975000e-03	1.679349e-02	
5.000000e-03	1.128969e-02	
5.025000e-03	4.805148e-03	
5.050000e-03	-2.031961e-03	
5.075000e-03	-8.710178e-03	
5.100000e-03	-1.498103e-02	
5.125000e-03	-2.080714e-02	
5.150000e-03	-2.629028e-02	
5.175000e-03	-3.146760e-02	
5.200000e-03	-3.622233e-02	
5.225000e-03	-4.078704e-02	
5.250000e-03	-4.535263e-02	
5.275000e-03	-4.978383e-02	
5.300000e-03	-5.369605e-02	
5.325000e-03	-5.679257e-02	
5.350000e-03	-5.907846e-02	
5.375000e-03	-6.073244e-02	
5.400000e-03	-6.193486e-02	
5.425000e-03	-6.281674e-02	
5.450000e-03	-6.346636e-02	
5.475000e-03	-6.394452e-02	
5.500000e-03	-6.429512e-02	
5.525000e-03	-6.455026e-02	
5.550000e-03	-6.473399e-02	
5.575000e-03	-6.486414e-02	
5.600000e-03	-6.495399e-02	
5.625000e-03	-6.501338e-02	
5.650000e-03	-6.504961e-02	
5.675000e-03	-6.506804e-02	
5.700000e-03	-6.507269e-02	
5.725000e-03	-6.506660e-02	
5.750000e-03	-6.505205e-02	
5.775000e-03	-6.502980e-02	
5.800000e-03	-6.500131e-02	
5.825000e-03	-6.496822e-02	
5.850000e-03	-6.493172e-02	
5.875000e-03	-6.489271e-02	
5.900000e-03	-6.485196e-02	
5.925000e-03	-6.481011e-02	
5.950000e-03	-6.476775e-02	
5.975000e-03	-6.472539e-02	
6.000000e-03	-6.468354e-02	
6.025000e-03	-6.464262e-02	
6.050000e-03	-6.460303e-02	
6.075000e-03	-6.456509e-02	
6.100000e-03	-6.452911e-02	
6.125000e-03	-6.449534e-02	
6.150000e-03	-6.446400e-02	
6.175000e-03	-6.443524e-02	
6.200000e-03	-6.440918e-02	
6.225000e-03	-6.438590e-02	
6.250000e-03	-6.436538e-02	
6.275000e-03	-6.434761e-02	
6.300000e-03	-6.433250e-02	
6.325000e-03	-6.431991e-02	
6.350000e-03	-6.430970e-02	
6.375000e-03	-6.430168e-02	
6.400000e-03	-6.429566e-02	
6.425000e-03	-6.429141e-02	
6.450000e-03	-6.428873e-02	
6.475000e-03	-6.428737e-02	
6.500000e-03	-6.428711e-02	
6.525000e-03	-6.428772e-02	
6.550000e-03	-6.428898e-02	
6.575000e-03	-6.429067e-02	
6.600000e-03	-6.429260e-02	
6.625000e-03	-6.429459e-02	
6.650000e-03	-6.429648e-02	
6.675000e-03	-6.429811e-02	
6.700000e-03	-6.429936e-02	
6.725000e-03	-6.430012e-02	
6.750000e-03	-6.430031e-02	
6.775000e-03	-6.429986e-02	
6.800000e-03	-6.429871e-02	
6.825000e-03	-6.429684e-02	
6.850000e-03	-6.429420e-02	
6.875000e-03	-6.429080e-02	
6.900000e-03	-6.428664e-02	
6.925000e-03	-6.428173e-02	
6.950000e-03	-6.427608e-02	
6.975000e-03	-6.426972e-02	
7.000000e-03	-6.426267e-02	
7.025000e-03	-6.425499e-02	
7.050000e-03	-6.424670e-02	
7.075000e-03	-6.423785e-02	
7.100000e-03	-6.422847e-02	
7.125000e-03	-6.421862e-02	
7.150000e-03	-6.420833e-02	
7.175000e-03	-6.419766e-02	
7.200000e-03	-6.418664e-02	
7.225000e-03	-6.417532e-02	
7.250000e-03	-6.416374e-02	
7.275000e-03	-6.415195e-02	
7.300000e-03	-6.413997e-02	
7.325000e-03	-6.412785e-02	
7.350000e-03	-6.411562e-02	
7.375000e-03	-6.410332e-02	
7.400000e-03	-6.409098e-02	
7.425000e-03	-6.407861e-02	
7.450000e-03	-6.406627e-02	
7.475000e-03	-6.405395e-02	
7.500000e-03	-6.404170e-02	
7.525000e-03	-6.402953e-02	
7.550000e-03	-6.401746e-02	
7.575000e-03	-6.400550e-02	
7.600000e-03	-6.399368e-02	
7.625000e-03	-6.398200e-02	
7.650000e-03	-6.397049e-02	
7.675000e-03	-6.395914e-02	
7.700000e-03	-6.394796e-02	
7.725000e-03	-6.393698e-02	
7.750000e-03	-6.392618e-02	
7.775000e-03	-6.391559e-02	
7.800000e-03	-6.390520e-02	
7.825000e-03	-6.389501e-02	
7.850000e-03	-6.388503e-02	
7.875000e-03	-6.387527e-02	
7.900000e-03	-6.386571e-02	
7.925000e-03	-6.385637e-02	
7.950000e-03	-6.384724e-02	
7.975000e-03	-6.383832e-02	
8.000000e-03	-6.382961e-02	
8.025000e-03	-6.382110e-02	
8.050000e-03	-6.381281e-02	
8.075000e-03	-6.380471e-02	
8.100000e-03	-6.379681e-02	
8.125000e-03	-6.378912e-02	
8.150000e-03	-6.378161e-02	
8.175000e-03	-6.377429e-02	
8.200000e-03	-6.376716e-02	
8.225000e-03	-6.376021e-02	
8.250000e-03	-6.375344e-02	
8.275000e-03	-6.374684e-02	
8.300000e-03	-6.374042e-02	
8.325000e-03	-6.373415e-02	
8.350000e-03	-6.372805e-02	
8.375000e-03	-6.372210e-02	
8.400000e-03	-6.371631e-02	
8.425000e-03	-6.371067e-02	
8.450000e-03	-6.370517e-02	
8.475000e-03	-6.369981e-02	
8.500000e-03	-6.369458e-02	
8.525000e-03	-6.368949e-02	
8.550000e-03	-6.368452e-02	
8.575000e-03	-6.367968e-02	
8.600000e-03	-6.367496e-02	
8.625000e-03	-6.367035e-02	
8.650000e-03	-6.366586e-02	
8.675000e-03	-6.366148e-02	
8.700000e-03	-6.365720e-02	
8.725000e-03	-6.365303e-02	
8.750000e-03	-6.364895e-02	
8.775000e-03	-6.364497e-02	
8.800000e-03	-6.364109e-02	
8.825000e-03	-6.363729e-02	
8.850000e-03	-6.363358e-02	
8.875000e-03	-6.362996e-02	
8.900000e-03	-6.362641e-02	
8.925000e-03	-6.362295e-02	
8.950000e-03	-6.361956e-02	
8.975000e-03	-6.361624e-02	
9.000000e-03	-6.361300e-02	
9.025000e-03	-6.360983e-02	
9.050000e-03	-6.360672e-02	
9.075000e-03	-6.360368e-02	
9.100000e-03	-6.360070e-02	
9.125000e-03	-6.359778e-02	
9.150000e-03	-6.359492e-02	
9.175000e-03	-6.359212e-02	
9.200000e-03	-6.358937e-02	
9.225000e-03	-6.358668e-02	
9.250000e-03	-6.358403e-02	
9.275000e-03	-6.358144e-02	
9.300000e-03	-6.357890e-02	
9.325000e-03	-6.357640e-02	
9.350000e-03	-6.357395e-02	
9.375000e-03	-6.357155e-02	
9.400000e-03	-6.356919e-02	
9.425000e-03	-6.356687e-02	
9.450000e-03	-6.356459e-02	
9.475000e-03	-6.356234e-02	
9.500000e-03	-6.356014e-02	
9.525000e-03	-6.355798e-02	
9.550000e-03	-6.355585e-02	
9.575000e-03	-6.355375e-02	
9.600000e-03	-6.355169e-02	
9.625000e-03	-6.354966e-02	
9.650000e-03	-6.354767e-02	
9.675000e-03	-6.354570e-02	
9.700000e-03	-6.354377e-02	
9.725000e-03	-6.354186e-02	
9.750000e-03	-6.353998e-02	
9.775000e-03	-6.353813e-02	
9.800000e-03	-6.353631e-02	
9.825000e-03	-6.353451e-02	
9.850000e-03	-6.353274e-02	
9.875000e-03	-6.353100e-02	
9.900000e-03	-6.352927e-02	
9.925000e-03	-6.352757e-02	
9.950000e-03	-6.352590e-02	
9.975000e-03	-6.352424e-02	
1.000000e-02	-6.352260e-02	
