0.000000e+00	-7.000000e-02	
2.500000e-05	-6.972649e-02	
5.000000e-05	-6.939922e-02	
7.500000e-05	-6.911959e-02	
1.000000e-04	-6.886438e-02	
1.250000e-04	-6.862520e-02	
1.500000e-04	-6.839770e-02	
1.750000e-04	-6.817920e-02	
2.000000e-04	-6.796789e-02	
2.250000e-04	-6.776247e-02	
2.500000e-04	-6.756199e-02	
2.750000e-04	-6.736570e-02	
3.000000e-04	-6.717300e-02	
3.250000e-04	-6.698343e-02	
3.500000e-04	-6.679658e-02	
3.750000e-04	-6.661214e-02	
4.000000e-04	-6.642983e-02	
4.250000e-04	-6.624941e-02	
4.500000e-04	-6.607067e-02	
4.750000e-04	-6.589344e-02	
5.000000e-04	-6.571755e-02	
5.250000e-04	-6.554286e-02	
5.500000e-04	-6.536926e-02	
5.750000e-04	-6.519661e-02	
6.000000e-04	-6.502483e-02	
6.250000e-04	-6.485381e-02	
6.500000e-04	-6.468346e-02	
6.750000e-04	-6.451370e-02	
7.000000e-04	-6.434446e-02	
7.250000e-04	-6.417567e-02	
7.500000e-04	-6.400725e-02	
7.750000e-04	-6.383914e-02	
8.000000e-04	-6.367129e-02	
8.250000e-04	-6.350362e-02	
8.500000e-04	-6.333610e-02	
8.750000e-04	-6.316865e-02	
9.000000e-04	-6.300124e-02	
9.250000e-04	-6.283380e-02	
9.500000e-04	-6.266629e-02	
9.750000e-04	-6.249866e-02	
1.000000e-03	-6.233084e-02	
1.025000e-03	-6.216281e-02	
1.050000e-03	-6.199450e-02	
1.075000e-03	-6.182588e-02	
1.100000e-03	-6.165688e-02	
1.125000e-03	-6.148748e-02	
1.150000e-03	-6.131761e-02	
1.175000e-03	-6.114723e-02	
1.200000e-03	-6.097629e-02	
1.225000e-03	-6.080474e-02	
1.250000e-03	-6.063253e-02	
1.275000e-03	-6.045961e-02	
1.300000e-03	-6.028592e-02	
1.325000e-03	-6.011141e-02	
1.350000e-03	-5.993602e-02	
1.375000e-03	-5.975968e-02	
1.400000e-03	-5.958235e-02	
1.425000e-03	-5.940395e-02	
1.450000e-03	-5.922442e-02	
1.475000e-03	-5.904369e-02	
1.500000e-03	-5.886168e-02	
1.525000e-03	-5.867831e-02	
1.550000e-03	-5.849351e-02	
1.575000e-03	-5.830718e-02	
1.600000e-03	-5.811924e-02	
1.625000e-03	-5.792958e-02	
1.650000e-03	-5.773810e-02	
1.675000e-03	-5.754469e-02	
1.700000e-03	-5.734923e-02	
1.725000e-03	-5.715158e-02	
1.750000e-03	-5.695161e-02	
1.775000e-03	-5.674917e-02	
1.800000e-03	-5.654409e-02	
1.825000e-03	-5.633619e-02	
1.850000e-03	-5.612529e-02	
1.875000e-03	-5.591116e-02	
1.900000e-03	-5.569358e-02	
1.925000e-03	-5.547230e-02	
1.950000e-03	-5.524702e-02	
1.975000e-03	-5.501744e-02	
2.000000e-03	-5.478322e-02	
2.025000e-03	-5.454397e-02	
2.050000e-03	-5.429925e-02	
2.075000e-03	-5.404858e-02	
2.100000e-03	-5.379142e-02	
2.125000e-03	-5.352714e-02	
2.150000e-03	-5.325505e-02	
2.175000e-03	-5.297432e-02	
2.200000e-03	-5.268404e-02	
2.225000e-03	-5.238312e-02	
2.250000e-03	-5.207030e-02	
2.275000e-03	-5.174410e-02	
2.300000e-03	-5.140276e-02	
2.325000e-03	-5.104419e-02	
2.350000e-03	-5.066582e-02	
2.375000e-03	-5.026456e-02	
2.400000e-03	-4.983654e-02	
2.425000e-03	-4.937687e-02	
2.450000e-03	-4.887931e-02	
2.475000e-03	-4.833565e-02	
2.500000e-03	-4.773488e-02	
2.525000e-03	-4.706177e-02	
2.550000e-03	-4.629460e-02	
2.575000e-03	-4.540155e-02	
2.600000e-03	-4.433539e-02	
2.625000e-03	-4.302928e-02	
2.650000e-03	-4.140392e-02	
2.675000e-03	-3.937206e-02	
2.700000e-03	-3.678002e-02	
2.725000e-03	-3.349020e-02	
2.750000e-03	-2.942158e-02	
2.775000e-03	-2.456885e-02	
2.800000e-03	-1.908870e-02	
2.825000e-03	-1.320328e-02	
2.850000e-03	-6.292859e-03	
2.875000e-03	2.253583e-03	
2.900000e-03	1.198194e-02	
2.925000e-03	2.045497e-02	
2.950000e-03	2.551765e-02	
2.975000e-03	2.737932e-02	
3.000000e-03	2.673162e-02	
3.025000e-03	2.386602e-02	
3.050000e-03	1.898203e-02	
3.075000e-03	1.245346e-02	
3.100000e-03	4.942137e-03	
3.125000e-03	-2.746209e-03	
3.150000e-03	-1.000374e-02	
3.175000e-03	-1.659374e-02	
3.200000e-03	-2.251941e-02	
3.225000e-03	-2.794066e-02	
3.250000e-03	-3.290188e-02	
3.275000e-03	-3.740194e-02	
3.300000e-03	-4.175879e-02	
3.325000e-03	-4.606847e-02	
3.350000e-03	-5.011187e-02	
3.375000e-03	-5.352514e-02	
3.400000e-03	-5.610644e-02	
3.425000e-03	-5.792461e-02	
3.450000e-03	-5.916345e-02	
3.475000e-03	-5.998871e-02	
3.500000e-03	-6.051880e-02	
3.525000e-03	-6.083428e-02	
3.550000e-03	-6.099074e-02	
3.575000e-03	-6.102827e-02	
3.600000e-03	-6.097713e-02	
3.625000e-03	-6.086068e-02	
3.650000e-03	-6.069699e-02	
3.675000e-03	-6.049996e-02	
3.700000e-03	-6.028031e-02	
3.725000e-03	-6.004626e-02	
3.750000e-03	-5.980402e-02	
3.775000e-03	-5.955830e-02	
3.800000e-03	-5.931268e-02	
3.825000e-03	-5.906992e-02	
3.850000e-03	-5.883210e-02	
3.875000e-03	-5.860083e-02	
3.900000e-03	-5.837702e-02	
3.925000e-03	-5.816144e-02	
3.950000e-03	-5.795508e-02	
3.975000e-03	-5.775861e-02	
4.000000e-03	-5.757254e-02	
4.025000e-03	-5.739725e-02	
4.050000e-03	-5.723305e-02	
4.075000e-03	-5.708014e-02	
4.100000e-03	-5.693870e-02	
4.125000e-03	-5.680878e-02	
4.150000e-03	-5.669042e-02	
4.175000e-03	-5.658352e-02	
4.200000e-03	-5.648796e-02	
4.225000e-03	-5.640349e-02	
4.250000e-03	-5.632983e-02	
4.275000e-03	-5.626659e-02	
4.300000e-03	-5.621335e-02	
4.325000e-03	-5.616962e-02	
4.350000e-03	-5.613485e-02	
4.375000e-03	-5.610846e-02	
4.400000e-03	-5.608984e-02	
4.425000e-03	-5.607836e-02	
4.450000e-03	-5.607335e-02	
4.475000e-03	-5.607417e-02	
4.500000e-03	-5.608017e-02	
4.525000e-03	-5.609071e-02	
4.550000e-03	-5.610516e-02	
4.575000e-03	-5.612294e-02	
4.600000e-03	-5.614345e-02	
4.625000e-03	-5.616618e-02	
4.650000e-03	-5.619060e-02	
4.675000e-03	-5.621627e-02	
4.700000e-03	-5.624275e-02	
4.725000e-03	-5.626965e-02	
4.750000e-03	-5.629663e-02	
4.775000e-03	-5.632338e-02	
4.800000e-03	-5.634964e-02	
4.825000e-03	-5.637517e-02	
4.850000e-03	-5.639978e-02	
4.875000e-03	-5.642333e-02	
4.900000e-03	-5.644568e-02	
4.925000e-03	-5.646675e-02	
4.950000e-03	-5.648648e-02	
4.975000e-03	-5.650485e-02	
5.000000e-03	-5.652184e-02	
5.025000e-03	-5.653748e-02	
5.050000e-03	-5.655181e-02	
5.075000e-03	-5.656489e-02	
5.100000e-03	-5.657679e-02	
5.125000e-03	-5.658760e-02	
5.150000e-03	-5.659744e-02	
5.175000e-03	-5.660641e-02	
5.200000e-03	-5.661463e-02	
5.225000e-03	-5.662223e-02	
5.250000e-03	-5.662933e-02	
5.275000e-03	-5.663607e-02	
5.300000e-03	-5.664257e-02	
5.325000e-03	-5.664896e-02	
5.350000e-03	-5.665536e-02	
5.375000e-03	-5.666189e-02	
5.400000e-03	-5.666865e-02	
5.425000e-03	-5.667575e-02	
5.450000e-03	-5.668328e-02	
5.475000e-03	-5.669131e-02	
5.500000e-03	-5.669992e-02	
5.525000e-03	-5.670917e-02	
5.550000e-03	-5.671909e-02	
5.575000e-03	-5.672974e-02	
5.600000e-03	-5.674113e-02	
5.625000e-03	-5.675327e-02	
5.650000e-03	-5.676617e-02	
5.675000e-03	-5.677982e-02	
5.700000e-03	-5.679420e-02	
5.725000e-03	-5.680929e-02	
5.750000e-03	-5.682505e-02	
5.775000e-03	-5.684143e-02	
5.800000e-03	-5.685839e-02	
5.825000e-03	-5.687588e-02	
5.850000e-03	-5.689382e-02	
5.875000e-03	-5.691217e-02	
5.900000e-03	-5.693085e-02	
5.925000e-03	-5.694980e-02	
5.950000e-03	-5.696894e-02	
5.975000e-03	-5.698820e-02	
6.000000e-03	-5.700751e-02	
6.025000e-03	-5.702681e-02	
6.050000e-03	-5.704602e-02	
6.075000e-03	-5.706507e-02	
6.100000e-03	-5.708391e-02	
6.125000e-03	-5.710246e-02	
6.150000e-03	-5.712066e-02	
6.175000e-03	-5.713847e-02	
6.200000e-03	-5.715582e-02	
6.225000e-03	-5.717266e-02	
6.250000e-03	-5.718895e-02	
6.275000e-03	-5.720463e-02	
6.300000e-03	-5.721968e-02	
6.325000e-03	-5.723405e-02	
6.350000e-03	-5.724771e-02	
6.375000e-03	-5.726062e-02	
6.400000e-03	-5.727277e-02	
6.425000e-03	-5.728411e-02	
6.450000e-03	-5.729465e-02	
6.475000e-03	-5.730435e-02	
6.500000e-03	-5.731320e-02	
6.525000e-03	-5.732118e-02	
6.550000e-03	-5.732830e-02	
6.575000e-03	-5.733453e-02	
6.600000e-03	-5.733987e-02	
6.625000e-03	-5.734432e-02	
6.650000e-03	-5.734788e-02	
6.675000e-03	-5.735055e-02	
6.700000e-03	-5.735232e-02	
6.725000e-03	-5.735320e-02	
6.750000e-03	-5.735320e-02	
6.775000e-03	-5.735231e-02	
6.800000e-03	-5.735055e-02	
6.825000e-03	-5.734792e-02	
6.850000e-03	-5.734443e-02	
6.875000e-03	-5.734010e-02	
6.900000e-03	-5.733492e-02	
6.925000e-03	-5.732891e-02	
6.950000e-03	-5.732208e-02	
6.975000e-03	-5.731444e-02	
7.000000e-03	-5.730601e-02	
7.025000e-03	-5.729679e-02	
7.050000e-03	-5.728680e-02	
7.075000e-03	-5.727606e-02	
7.100000e-03	-5.726456e-02	
7.125000e-03	-5.725233e-02	
7.150000e-03	-5.723938e-02	
7.175000e-03	-5.722572e-02	
7.200000e-03	-5.721137e-02	
7.225000e-03	-5.719634e-02	
7.250000e-03	-5.718064e-02	
7.275000e-03	-5.716428e-02	
7.300000e-03	-5.714728e-02	
7.325000e-03	-5.712965e-02	
7.350000e-03	-5.711141e-02	
7.375000e-03	-5.709255e-02	
7.400000e-03	-5.707311e-02	
7.425000e-03	-5.705309e-02	
7.450000e-03	-5.703249e-02	
7.475000e-03	-5.701134e-02	
7.500000e-03	-5.698965e-02	
7.525000e-03	-5.696742e-02	
7.550000e-03	-5.694467e-02	
7.575000e-03	-5.692140e-02	
7.600000e-03	-5.689764e-02	
7.625000e-03	-5.687338e-02	
7.650000e-03	-5.684864e-02	
7.675000e-03	-5.682343e-02	
7.700000e-03	-5.679776e-02	
7.725000e-03	-5.677163e-02	
7.750000e-03	-5.674506e-02	
7.775000e-03	-5.671805e-02	
7.800000e-03	-5.669062e-02	
7.825000e-03	-5.666276e-02	
7.850000e-03	-5.663449e-02	
7.875000e-03	-5.660582e-02	
7.900000e-03	-5.657675e-02	
7.925000e-03	-5.654729e-02	
7.950000e-03	-5.651744e-02	
7.975000e-03	-5.648721e-02	
8.000000e-03	-5.645661e-02	
8.025000e-03	-5.642564e-02	
8.050000e-03	-5.639431e-02	
8.075000e-03	-5.636261e-02	
8.100000e-03	-5.633056e-02	
8.125000e-03	-5.629817e-02	
8.150000e-03	-5.626542e-02	
8.175000e-03	-5.623233e-02	
8.200000e-03	-5.619889e-02	
8.225000e-03	-5.616512e-02	
8.250000e-03	-5.613100e-02	
8.275000e-03	-5.609655e-02	
8.300000e-03	-5.606177e-02	
8.325000e-03	-5.602665e-02	
8.350000e-03	-5.599119e-02	
8.375000e-03	-5.595540e-02	
8.400000e-03	-5.591926e-02	
8.425000e-03	-5.588279e-02	
8.450000e-03	-5.584598e-02	
8.475000e-03	-5.580882e-02	
8.500000e-03	-5.577131e-02	
8.525000e-03	-5.573345e-02	
8.550000e-03	-5.569524e-02	
8.575000e-03	-5.565665e-02	
8.600000e-03	-5.561770e-02	
8.625000e-03	-5.557837e-02	
8.650000e-03	-5.553865e-02	
8.675000e-03	-5.549854e-02	
8.700000e-03	-5.545801e-02	
8.725000e-03	-5.541707e-02	
8.750000e-03	-5.537569e-02	
8.775000e-03	-5.533387e-02	
8.800000e-03	-5.529158e-02	
8.825000e-03	-5.524880e-02	
8.850000e-03	-5.520552e-02	
8.875000e-03	-5.516171e-02	
8.900000e-03	-5.511734e-02	
8.925000e-03	-5.507240e-02	
8.950000e-03	-5.502684e-02	
8.975000e-03	-5.498063e-02	
9.000000e-03	-5.493373e-02	
9.025000e-03	-5.488609e-02	
9.050000e-03	-5.483768e-02	
9.075000e-03	-5.478842e-02	
9.100000e-03	-5.473826e-02	
9.125000e-03	-5.468712e-02	
9.150000e-03	-5.463493e-02	
9.175000e-03	-5.458158e-02	
9.200000e-03	-5.452696e-02	
9.225000e-03	-5.447096e-02	
9.250000e-03	-5.441342e-02	
9.275000e-03	-5.435416e-02	
9.300000e-03	-5.429298e-02	
9.325000e-03	-5.422962e-02	
9.350000e-03	-5.416378e-02	
9.375000e-03	-5.409510e-02	
9.400000e-03	-5.402309e-02	
9.425000e-03	-5.394717e-02	
9.450000e-03	-5.386659e-02	
9.475000e-03	-5.378034e-02	
9.500000e-03	-5.368707e-02	
9.525000e-03	-5.358492e-02	
9.550000e-03	-5.347124e-02	
9.575000e-03	-5.334213e-02	
9.600000e-03	-5.319168e-02	
9.625000e-03	-5.301078e-02	
9.650000e-03	-5.278547e-02	
9.675000e-03	-5.249593e-02	
9.700000e-03	-5.211777e-02	
9.725000e-03	-5.162045e-02	
9.750000e-03	-5.096192e-02	
9.775000e-03	-5.009582e-02	
9.800000e-03	-4.899399e-02	
9.825000e-03	-4.765481e-02	
9.850000e-03	-4.610114e-02	
9.875000e-03	-4.438192e-02	
9.900000e-03	-4.254254e-02	
9.925000e-03	-4.060191e-02	
9.950000e-03	-3.855116e-02	
9.975000e-03	-3.636095e-02	
1.000000e-02	-3.398786e-02	
