0.000000e+00	-7.000000e-02	
2.500000e-05	-6.965442e-02	
5.000000e-05	-6.935053e-02	
7.500000e-05	-6.909219e-02	
1.000000e-04	-6.886142e-02	
1.250000e-04	-6.864981e-02	
1.500000e-04	-6.845259e-02	
1.750000e-04	-6.826673e-02	
2.000000e-04	-6.809018e-02	
2.250000e-04	-6.792142e-02	
2.500000e-04	-6.775934e-02	
2.750000e-04	-6.760307e-02	
3.000000e-04	-6.745193e-02	
3.250000e-04	-6.730536e-02	
3.500000e-04	-6.716290e-02	
3.750000e-04	-6.702420e-02	
4.000000e-04	-6.688892e-02	
4.250000e-04	-6.675682e-02	
4.500000e-04	-6.662765e-02	
4.750000e-04	-6.650124e-02	
5.000000e-04	-6.637740e-02	
5.250000e-04	-6.625599e-02	
5.500000e-04	-6.613690e-02	
5.750000e-04	-6.601999e-02	
6.000000e-04	-6.590518e-02	
6.250000e-04	-6.579238e-02	
6.500000e-04	-6.568150e-02	
6.750000e-04	-6.557249e-02	
7.000000e-04	-6.546527e-02	
7.250000e-04	-6.535980e-02	
7.500000e-04	-6.525602e-02	
7.750000e-04	-6.515389e-02	
8.000000e-04	-6.505338e-02	
8.250000e-04	-6.495443e-02	
8.500000e-04	-6.485704e-02	
8.750000e-04	-6.476116e-02	
9.000000e-04	-6.466677e-02	
9.250000e-04	-6.457385e-02	
9.500000e-04	-6.448239e-02	
9.750000e-04	-6.439236e-02	
1.000000e-03	-6.430374e-02	
1.025000e-03	-6.421654e-02	
1.050000e-03	-6.413073e-02	
1.075000e-03	-6.404631e-02	
1.100000e-03	-6.396327e-02	
1.125000e-03	-6.388161e-02	
1.150000e-03	-6.380131e-02	
1.175000e-03	-6.372238e-02	
1.200000e-03	-6.364481e-02	
1.225000e-03	-6.356859e-02	
1.250000e-03	-6.349374e-02	
1.275000e-03	-6.342025e-02	
1.300000e-03	-6.334811e-02	
1.325000e-03	-6.327734e-02	
1.350000e-03	-6.320792e-02	
1.375000e-03	-6.313987e-02	
1.400000e-03	-6.307318e-02	
1.425000e-03	-6.300786e-02	
1.450000e-03	-6.294391e-02	
1.475000e-03	-6.288132e-02	
1.500000e-03	-6.282008e-02	
1.525000e-03	-6.276020e-02	
1.550000e-03	-6.270167e-02	
1.575000e-03	-6.264451e-02	
1.600000e-03	-6.258872e-02	
1.625000e-03	-6.253430e-02	
1.650000e-03	-6.248126e-02	
1.675000e-03	-6.242960e-02	
1.700000e-03	-6.237931e-02	
1.725000e-03	-6.233041e-02	
1.750000e-03	-6.228288e-02	
1.775000e-03	-6.223674e-02	
1.800000e-03	-6.219199e-02	
1.825000e-03	-6.214861e-02	
1.850000e-03	-6.210662e-02	
1.875000e-03	-6.206601e-02	
1.900000e-03	-6.202677e-02	
1.925000e-03	-6.198891e-02	
1.950000e-03	-6.195242e-02	
1.975000e-03	-6.191729e-02	
2.000000e-03	-6.188352e-02	
2.025000e-03	-6.185111e-02	
2.050000e-03	-6.182005e-02	
2.075000e-03	-6.179033e-02	
2.100000e-03	-6.176194e-02	
2.125000e-03	-6.173487e-02	
2.150000e-03	-6.170912e-02	
2.175000e-03	-6.168467e-02	
2.200000e-03	-6.166150e-02	
2.225000e-03	-6.163962e-02	
2.250000e-03	-6.161900e-02	
2.275000e-03	-6.159962e-02	
2.300000e-03	-6.158149e-02	
2.325000e-03	-6.156457e-02	
2.350000e-03	-6.154885e-02	
2.375000e-03	-6.153432e-02	
2.400000e-03	-6.152095e-02	
2.425000e-03	-6.150873e-02	
2.450000e-03	-6.149764e-02	
2.475000e-03	-6.148766e-02	
2.500000e-03	-6.147876e-02	
2.525000e-03	-6.147092e-02	
2.550000e-03	-6.146413e-02	
2.575000e-03	-6.145835e-02	
2.600000e-03	-6.145357e-02	
2.625000e-03	-6.144976e-02	
2.650000e-03	-6.144689e-02	
2.675000e-03	-6.144495e-02	
2.700000e-03	-6.144389e-02	
2.725000e-03	-6.144371e-02	
2.750000e-03	-6.144437e-02	
2.775000e-03	-6.144584e-02	
2.800000e-03	-6.144811e-02	
2.825000e-03	-6.145113e-02	
2.850000e-03	-6.145489e-02	
2.875000e-03	-6.145935e-02	
2.900000e-03	-6.146450e-02	
2.925000e-03	-6.147029e-02	
2.950000e-03	-6.147671e-02	
2.975000e-03	-6.148373e-02	
3.000000e-03	-6.149131e-02	
3.025000e-03	-6.149943e-02	
3.050000e-03	-6.150807e-02	
3.075000e-03	-6.151720e-02	
3.100000e-03	-6.152679e-02	
3.125000e-03	-6.153681e-02	
3.150000e-03	-6.154723e-02	
3.175000e-03	-6.155804e-02	
3.200000e-03	-6.156921e-02	
3.225000e-03	-6.158070e-02	
3.250000e-03	-6.159250e-02	
3.275000e-03	-6.160458e-02	
3.300000e-03	-6.161692e-02	
3.325000e-03	-6.162949e-02	
3.350000e-03	-6.164227e-02	
3.375000e-03	-6.165524e-02	
3.400000e-03	-6.166838e-02	
3.425000e-03	-6.168166e-02	
3.450000e-03	-6.169506e-02	
3.475000e-03	-6.170857e-02	
3.500000e-03	-6.172216e-02	
3.525000e-03	-6.173581e-02	
3.550000e-03	-6.174951e-02	
3.575000e-03	-6.176324e-02	
3.600000e-03	-6.177698e-02	
3.625000e-03	-6.179071e-02	
3.650000e-03	-6.180442e-02	
3.675000e-03	-6.181808e-02	
3.700000e-03	-6.183170e-02	
3.725000e-03	-6.184525e-02	
3.750000e-03	-6.185871e-02	
3.775000e-03	-6.187208e-02	
3.800000e-03	-6.188534e-02	
3.825000e-03	-6.189848e-02	
3.850000e-03	-6.191150e-02	
3.875000e-03	-6.192436e-02	
3.900000e-03	-6.193708e-02	
3.925000e-03	-6.194963e-02	
3.950000e-03	-6.196201e-02	
3.975000e-03	-6.197421e-02	
4.000000e-03	-6.198622e-02	
4.025000e-03	-6.199804e-02	
4.050000e-03	-6.200965e-02	
4.075000e-03	-6.202105e-02	
4.100000e-03	-6.203223e-02	
4.125000e-03	-6.204319e-02	
4.150000e-03	-6.205392e-02	
4.175000e-03	-6.206442e-02	
4.200000e-03	-6.207468e-02	
4.225000e-03	-6.208470e-02	
4.250000e-03	-6.209448e-02	
4.275000e-03	-6.210400e-02	
4.300000e-03	-6.211327e-02	
4.325000e-03	-6.212229e-02	
4.350000e-03	-6.213105e-02	
4.375000e-03	-6.213956e-02	
4.400000e-03	-6.214780e-02	
4.425000e-03	-6.215578e-02	
4.450000e-03	-6.216349e-02	
4.475000e-03	-6.217095e-02	
4.500000e-03	-6.217814e-02	
4.525000e-03	-6.218506e-02	
4.550000e-03	-6.219172e-02	
4.575000e-03	-6.219812e-02	
4.600000e-03	-6.220425e-02	
4.625000e-03	-6.221012e-02	
4.650000e-03	-6.221573e-02	
4.675000e-03	-6.222108e-02	
4.700000e-03	-6.222616e-02	
4.725000e-03	-6.223099e-02	
4.750000e-03	-6.223557e-02	
4.775000e-03	-6.223988e-02	
4.800000e-03	-6.224395e-02	
4.825000e-03	-6.224776e-02	
4.850000e-03	-6.225133e-02	
4.875000e-03	-6.225464e-02	
4.900000e-03	-6.225772e-02	
4.925000e-03	-6.226055e-02	
4.950000e-03	-6.226315e-02	
4.975000e-03	-6.226550e-02	
5.000000e-03	-6.226763e-02	
5.025000e-03	-6.226952e-02	
5.050000e-03	-6.227119e-02	
5.075000e-03	-6.227263e-02	
5.100000e-03	-6.227385e-02	
5.125000e-03	-6.227486e-02	
5.150000e-03	-6.227564e-02	
5.175000e-03	-6.227622e-02	
5.200000e-03	-6.227659e-02	
5.225000e-03	-6.227675e-02	
5.250000e-03	-6.227671e-02	
5.275000e-03	-6.227647e-02	
5.300000e-03	-6.227604e-02	
5.325000e-03	-6.227542e-02	
5.350000e-03	-6.227461e-02	
5.375000e-03	-6.227361e-02	
5.400000e-03	-6.227244e-02	
5.425000e-03	-6.227109e-02	
5.450000e-03	-6.226956e-02	
5.475000e-03	-6.226787e-02	
5.500000e-03	-6.226601e-02	
5.525000e-03	-6.226398e-02	
5.550000e-03	-6.226179e-02	
5.575000e-03	-6.225945e-02	
5.600000e-03	-6.225695e-02	
5.625000e-03	-6.225430e-02	
5.650000e-03	-6.225151e-02	
5.675000e-03	-6.224857e-02	
5.700000e-03	-6.224549e-02	
5.725000e-03	-6.224227e-02	
5.750000e-03	-6.223892e-02	
5.775000e-03	-6.223544e-02	
5.800000e-03	-6.223183e-02	
5.825000e-03	-6.222810e-02	
5.850000e-03	-6.222425e-02	
5.875000e-03	-6.222028e-02	
5.900000e-03	-6.221619e-02	
5.925000e-03	-6.221200e-02	
5.950000e-03	-6.220770e-02	
5.975000e-03	-6.220329e-02	
6.000000e-03	-6.219878e-02	
6.025000e-03	-6.219417e-02	
6.050000e-03	-6.218947e-02	
6.075000e-03	-6.218467e-02	
6.100000e-03	-6.217979e-02	
6.125000e-03	-6.217481e-02	
6.150000e-03	-6.216976e-02	
6.175000e-03	-6.216462e-02	
6.200000e-03	-6.215940e-02	
6.225000e-03	-6.215410e-02	
6.250000e-03	-6.214874e-02	
6.275000e-03	-6.214330e-02	
6.300000e-03	-6.213779e-02	
6.325000e-03	-6.213222e-02	
6.350000e-03	-6.212658e-02	
6.375000e-03	-6.212089e-02	
6.400000e-03	-6.211513e-02	
6.425000e-03	-6.210932e-02	
6.450000e-03	-6.210346e-02	
6.475000e-03	-6.209754e-02	
6.500000e-03	-6.209158e-02	
6.525000e-03	-6.208556e-02	
6.550000e-03	-6.207951e-02	
6.575000e-03	-6.207341e-02	
6.600000e-03	-6.206727e-02	
6.625000e-03	-6.206109e-02	
6.650000e-03	-6.205488e-02	
6.675000e-03	-6.204863e-02	
6.700000e-03	-6.204235e-02	
6.725000e-03	-6.203604e-02	
6.750000e-03	-6.202970e-02	
6.775000e-03	-6.202333e-02	
6.800000e-03	-6.201694e-02	
6.825000e-03	-6.201053e-02	
6.850000e-03	-6.200409e-02	
6.875000e-03	-6.199763e-02	
6.900000e-03	-6.199116e-02	
6.925000e-03	-6.198467e-02	
6.950000e-03	-6.197816e-02	
6.975000e-03	-6.197164e-02	
7.000000e-03	-6.196510e-02	
7.025000e-03	-6.195856e-02	
7.050000e-03	-6.195201e-02	
7.075000e-03	-6.194544e-02	
7.100000e-03	-6.193887e-02	
7.125000e-03	-6.193230e-02	
7.150000e-03	-6.192572e-02	
7.175000e-03	-6.191914e-02	
7.200000e-03	-6.191255e-02	
7.225000e-03	-6.190597e-02	
7.250000e-03	-6.189939e-02	
7.275000e-03	-6.189280e-02	
7.300000e-03	-6.188622e-02	
7.325000e-03	-6.187964e-02	
7.350000e-03	-6.187307e-02	
7.375000e-03	-6.186651e-02	
7.400000e-03	-6.185994e-02	
7.425000e-03	-6.185339e-02	
7.450000e-03	-6.184684e-02	
7.475000e-03	-6.184031e-02	
7.500000e-03	-6.183378e-02	
7.525000e-03	-6.182726e-02	
7.550000e-03	-6.182076e-02	
7.575000e-03	-6.181427e-02	
7.600000e-03	-6.180778e-02	
7.625000e-03	-6.180132e-02	
7.650000e-03	-6.179486e-02	
7.675000e-03	-6.178842e-02	
7.700000e-03	-6.178200e-02	
7.725000e-03	-6.177559e-02	
7.750000e-03	-6.176920e-02	
7.775000e-03	-6.176282e-02	
7.800000e-03	-6.175646e-02	
7.825000e-03	-6.175012e-02	
7.850000e-03	-6.174380e-02	
7.875000e-03	-6.173749e-02	
7.900000e-03	-6.173120e-02	
7.925000e-03	-6.172494e-02	
7.950000e-03	-6.171869e-02	
7.975000e-03	-6.171246e-02	
8.000000e-03	-6.170625e-02	
8.025000e-03	-6.170006e-02	
8.050000e-03	-6.169390e-02	
8.075000e-03	-6.168775e-02	
8.100000e-03	-6.168162e-02	
8.125000e-03	-6.167552e-02	
8.150000e-03	-6.166943e-02	
8.175000e-03	-6.166337e-02	
8.200000e-03	-6.165733e-02	
8.225000e-03	-6.165131e-02	
8.250000e-03	-6.164532e-02	
8.275000e-03	-6.163934e-02	
8.300000e-03	-6.163339e-02	
8.325000e-03	-6.162746e-02	
8.350000e-03	-6.162155e-02	
8.375000e-03	-6.161567e-02	
8.400000e-03	-6.160980e-02	
8.425000e-03	-6.160396e-02	
8.450000e-03	-6.159814e-02	
8.475000e-03	-6.159234e-02	
8.500000e-03	-6.158657e-02	
8.525000e-03	-6.158082e-02	
8.550000e-03	-6.157508e-02	
8.575000e-03	-6.156938e-02	
8.600000e-03	-6.156369e-02	
8.625000e-03	-6.155802e-02	
8.650000e-03	-6.155238e-02	
8.675000e-03	-6.154676e-02	
8.700000e-03	-6.154116e-02	
8.725000e-03	-6.153558e-02	
8.750000e-03	-6.153002e-02	
8.775000e-03	-6.152448e-02	
8.800000e-03	-6.151897e-02	
8.825000e-03	-6.151347e-02	
8.850000e-03	-6.150800e-02	
8.875000e-03	-6.150254e-02	
8.900000e-03	-6.149711e-02	
8.925000e-03	-6.149170e-02	
8.950000e-03	-6.148630e-02	
8.975000e-03	-6.148093e-02	
9.000000e-03	-6.147557e-02	
9.025000e-03	-6.147024e-02	
9.050000e-03	-6.146492e-02	
9.075000e-03	-6.145962e-02	
9.100000e-03	-6.145434e-02	
9.125000e-03	-6.144908e-02	
9.150000e-03	-6.144384e-02	
9.175000e-03	-6.143861e-02	
9.200000e-03	-6.143341e-02	
9.225000e-03	-6.142822e-02	
9.250000e-03	-6.142304e-02	
9.275000e-03	-6.141789e-02	
9.300000e-03	-6.141275e-02	
9.325000e-03	-6.140763e-02	
9.350000e-03	-6.140252e-02	
9.375000e-03	-6.139743e-02	
9.400000e-03	-6.139235e-02	
9.425000e-03	-6.138729e-02	
9.450000e-03	-6.138225e-02	
9.475000e-03	-6.137721e-02	
9.500000e-03	-6.137220e-02	
9.525000e-03	-6.136720e-02	
9.550000e-03	-6.136221e-02	
9.575000e-03	-6.135724e-02	
9.600000e-03	-6.135228e-02	
9.625000e-03	-6.134733e-02	
9.650000e-03	-6.134239e-02	
9.675000e-03	-6.133747e-02	
9.700000e-03	-6.133256e-02	
9.725000e-03	-6.132767e-02	
9.750000e-03	-6.132278e-02	
9.775000e-03	-6.131791e-02	
9.800000e-03	-6.131305e-02	
9.825000e-03	-6.130819e-02	
9.850000e-03	-6.130335e-02	
9.875000e-03	-6.129852e-02	
9.900000e-03	-6.129371e-02	
9.925000e-03	-6.128890e-02	
9.950000e-03	-6.128410e-02	
9.975000e-03	-6.127931e-02	
1.000000e-02	-6.127453e-02	
1.002500e-02	-6.126976e-02	
1.005000e-02	-6.126499e-02	
1.007500e-02	-6.126024e-02	
1.010000e-02	-6.125550e-02	
1.012500e-02	-6.125076e-02	
1.015000e-02	-6.124603e-02	
1.017500e-02	-6.124131e-02	
1.020000e-02	-6.123660e-02	
1.022500e-02	-6.123189e-02	
1.025000e-02	-6.122719e-02	
1.027500e-02	-6.122250e-02	
1.030000e-02	-6.121781e-02	
1.032500e-02	-6.121313e-02	
1.035000e-02	-6.120846e-02	
1.037500e-02	-6.120379e-02	
1.040000e-02	-6.119913e-02	
1.042500e-02	-6.119447e-02	
1.045000e-02	-6.118982e-02	
1.047500e-02	-6.118518e-02	
1.050000e-02	-6.118054e-02	
1.052500e-02	-6.117590e-02	
1.055000e-02	-6.117127e-02	
1.057500e-02	-6.116664e-02	
1.060000e-02	-6.116202e-02	
1.062500e-02	-6.115740e-02	
1.065000e-02	-6.115279e-02	
1.067500e-02	-6.114818e-02	
1.070000e-02	-6.114357e-02	
1.072500e-02	-6.113897e-02	
1.075000e-02	-6.113437e-02	
1.077500e-02	-6.112978e-02	
1.080000e-02	-6.112518e-02	
1.082500e-02	-6.112059e-02	
1.085000e-02	-6.111600e-02	
1.087500e-02	-6.111142e-02	
1.090000e-02	-6.110683e-02	
1.092500e-02	-6.110225e-02	
1.095000e-02	-6.109768e-02	
1.097500e-02	-6.109310e-02	
1.100000e-02	-6.108853e-02	
1.102500e-02	-6.108395e-02	
1.105000e-02	-6.107938e-02	
1.107500e-02	-6.107481e-02	
1.110000e-02	-6.107024e-02	
1.112500e-02	-6.106568e-02	
1.115000e-02	-6.106111e-02	
1.117500e-02	-6.105655e-02	
1.120000e-02	-6.105199e-02	
1.122500e-02	-6.104742e-02	
1.125000e-02	-6.104286e-02	
1.127500e-02	-6.103830e-02	
1.130000e-02	-6.103374e-02	
1.132500e-02	-6.102918e-02	
1.135000e-02	-6.102462e-02	
1.137500e-02	-6.102007e-02	
1.140000e-02	-6.101551e-02	
1.142500e-02	-6.101095e-02	
1.145000e-02	-6.100639e-02	
1.147500e-02	-6.100184e-02	
1.150000e-02	-6.099728e-02	
1.152500e-02	-6.099272e-02	
1.155000e-02	-6.098817e-02	
1.157500e-02	-6.098361e-02	
1.160000e-02	-6.097905e-02	
1.162500e-02	-6.097449e-02	
1.165000e-02	-6.096994e-02	
1.167500e-02	-6.096538e-02	
1.170000e-02	-6.096082e-02	
1.172500e-02	-6.095626e-02	
1.175000e-02	-6.095171e-02	
1.177500e-02	-6.094715e-02	
1.180000e-02	-6.094259e-02	
1.182500e-02	-6.093803e-02	
1.185000e-02	-6.093347e-02	
1.187500e-02	-6.092891e-02	
1.190000e-02	-6.092434e-02	
1.192500e-02	-6.091978e-02	
1.195000e-02	-6.091522e-02	
1.197500e-02	-6.091066e-02	
1.200000e-02	-6.090609e-02	
1.202500e-02	-6.090153e-02	
1.205000e-02	-6.089696e-02	
1.207500e-02	-6.089240e-02	
1.210000e-02	-6.088783e-02	
1.212500e-02	-6.088326e-02	
1.215000e-02	-6.087869e-02	
1.217500e-02	-6.087413e-02	
1.220000e-02	-6.086956e-02	
1.222500e-02	-6.086499e-02	
1.225000e-02	-6.086041e-02	
1.227500e-02	-6.085584e-02	
1.230000e-02	-6.085127e-02	
1.232500e-02	-6.084670e-02	
1.235000e-02	-6.084212e-02	
1.237500e-02	-6.083755e-02	
1.240000e-02	-6.083297e-02	
1.242500e-02	-6.082840e-02	
1.245000e-02	-6.082382e-02	
1.247500e-02	-6.081924e-02	
1.250000e-02	-6.081466e-02	
1.252500e-02	-6.081008e-02	
1.255000e-02	-6.080550e-02	
1.257500e-02	-6.080092e-02	
1.260000e-02	-6.079634e-02	
1.262500e-02	-6.079176e-02	
1.265000e-02	-6.078718e-02	
1.267500e-02	-6.078259e-02	
1.270000e-02	-6.077801e-02	
1.272500e-02	-6.077342e-02	
1.275000e-02	-6.076884e-02	
1.277500e-02	-6.076425e-02	
1.280000e-02	-6.075967e-02	
1.282500e-02	-6.075508e-02	
1.285000e-02	-6.075049e-02	
1.287500e-02	-6.074590e-02	
1.290000e-02	-6.074132e-02	
1.292500e-02	-6.073673e-02	
1.295000e-02	-6.073214e-02	
1.297500e-02	-6.072755e-02	
1.300000e-02	-6.072296e-02	
1.302500e-02	-6.071837e-02	
1.305000e-02	-6.071377e-02	
1.307500e-02	-6.070918e-02	
1.310000e-02	-6.070459e-02	
1.312500e-02	-6.070000e-02	
1.315000e-02	-6.069541e-02	
1.317500e-02	-6.069081e-02	
1.320000e-02	-6.068622e-02	
1.322500e-02	-6.068163e-02	
1.325000e-02	-6.067703e-02	
1.327500e-02	-6.067244e-02	
1.330000e-02	-6.066784e-02	
1.332500e-02	-6.066325e-02	
1.335000e-02	-6.065866e-02	
1.337500e-02	-6.065406e-02	
1.340000e-02	-6.064947e-02	
1.342500e-02	-6.064487e-02	
1.345000e-02	-6.064028e-02	
1.347500e-02	-6.063568e-02	
1.350000e-02	-6.063109e-02	
1.352500e-02	-6.062649e-02	
1.355000e-02	-6.062190e-02	
1.357500e-02	-6.061730e-02	
1.360000e-02	-6.061271e-02	
1.362500e-02	-6.060811e-02	
1.365000e-02	-6.060352e-02	
1.367500e-02	-6.059892e-02	
1.370000e-02	-6.059433e-02	
1.372500e-02	-6.058974e-02	
1.375000e-02	-6.058514e-02	
1.377500e-02	-6.058055e-02	
1.380000e-02	-6.057596e-02	
1.382500e-02	-6.057136e-02	
1.385000e-02	-6.056677e-02	
1.387500e-02	-6.056218e-02	
1.390000e-02	-6.055759e-02	
1.392500e-02	-6.055300e-02	
1.395000e-02	-6.054840e-02	
1.397500e-02	-6.054381e-02	
1.400000e-02	-6.053922e-02	
1.402500e-02	-6.053463e-02	
1.405000e-02	-6.053004e-02	
1.407500e-02	-6.052545e-02	
1.410000e-02	-6.052087e-02	
1.412500e-02	-6.051628e-02	
1.415000e-02	-6.051169e-02	
1.417500e-02	-6.050710e-02	
1.420000e-02	-6.050252e-02	
1.422500e-02	-6.049793e-02	
1.425000e-02	-6.049335e-02	
1.427500e-02	-6.048876e-02	
1.430000e-02	-6.048418e-02	
1.432500e-02	-6.047960e-02	
1.435000e-02	-6.047501e-02	
1.437500e-02	-6.047043e-02	
1.440000e-02	-6.046585e-02	
1.442500e-02	-6.046127e-02	
1.445000e-02	-6.045669e-02	
1.447500e-02	-6.045211e-02	
1.450000e-02	-6.044753e-02	
1.452500e-02	-6.044295e-02	
1.455000e-02	-6.043838e-02	
1.457500e-02	-6.043380e-02	
1.460000e-02	-6.042923e-02	
1.462500e-02	-6.042465e-02	
1.465000e-02	-6.042008e-02	
1.467500e-02	-6.041551e-02	
1.470000e-02	-6.041093e-02	
1.472500e-02	-6.040636e-02	
1.475000e-02	-6.040179e-02	
1.477500e-02	-6.039722e-02	
1.480000e-02	-6.039266e-02	
1.482500e-02	-6.038809e-02	
1.485000e-02	-6.038352e-02	
1.487500e-02	-6.037896e-02	
1.490000e-02	-6.037439e-02	
1.492500e-02	-6.036983e-02	
1.495000e-02	-6.036527e-02	
1.497500e-02	-6.036071e-02	
1.500000e-02	-6.035615e-02	
1.502500e-02	-6.035159e-02	
1.505000e-02	-6.034703e-02	
1.507500e-02	-6.034247e-02	
1.510000e-02	-6.033791e-02	
1.512500e-02	-6.033336e-02	
1.515000e-02	-6.032880e-02	
1.517500e-02	-6.032425e-02	
1.520000e-02	-6.031970e-02	
1.522500e-02	-6.031515e-02	
1.525000e-02	-6.031060e-02	
1.527500e-02	-6.030605e-02	
1.530000e-02	-6.030150e-02	
1.532500e-02	-6.029695e-02	
1.535000e-02	-6.029240e-02	
1.537500e-02	-6.028786e-02	
1.540000e-02	-6.028332e-02	
1.542500e-02	-6.027877e-02	
1.545000e-02	-6.027423e-02	
1.547500e-02	-6.026969e-02	
1.550000e-02	-6.026515e-02	
1.552500e-02	-6.026061e-02	
1.555000e-02	-6.025607e-02	
1.557500e-02	-6.025154e-02	
1.560000e-02	-6.024700e-02	
1.562500e-02	-6.024247e-02	
1.565000e-02	-6.023794e-02	
1.567500e-02	-6.023340e-02	
1.570000e-02	-6.022887e-02	
1.572500e-02	-6.022434e-02	
1.575000e-02	-6.021981e-02	
1.577500e-02	-6.021529e-02	
1.580000e-02	-6.021076e-02	
1.582500e-02	-6.020624e-02	
1.585000e-02	-6.020171e-02	
1.587500e-02	-6.019719e-02	
1.590000e-02	-6.019267e-02	
1.592500e-02	-6.018815e-02	
1.595000e-02	-6.018363e-02	
1.597500e-02	-6.017911e-02	
1.600000e-02	-6.017459e-02	
1.602500e-02	-6.017007e-02	
1.605000e-02	-6.016556e-02	
1.607500e-02	-6.016105e-02	
1.610000e-02	-6.015653e-02	
1.612500e-02	-6.015202e-02	
1.615000e-02	-6.014751e-02	
1.617500e-02	-6.014300e-02	
1.620000e-02	-6.013849e-02	
1.622500e-02	-6.013398e-02	
1.625000e-02	-6.012948e-02	
1.627500e-02	-6.012497e-02	
1.630000e-02	-6.012047e-02	
1.632500e-02	-6.011597e-02	
1.635000e-02	-6.011146e-02	
1.637500e-02	-6.010696e-02	
1.640000e-02	-6.010246e-02	
1.642500e-02	-6.009797e-02	
1.645000e-02	-6.009347e-02	
1.647500e-02	-6.008897e-02	
1.650000e-02	-6.008448e-02	
1.652500e-02	-6.007998e-02	
1.655000e-02	-6.007549e-02	
1.657500e-02	-6.007100e-02	
1.660000e-02	-6.006651e-02	
1.662500e-02	-6.006202e-02	
1.665000e-02	-6.005753e-02	
1.667500e-02	-6.005304e-02	
1.670000e-02	-6.004855e-02	
1.672500e-02	-6.004407e-02	
1.675000e-02	-6.003958e-02	
1.677500e-02	-6.003510e-02	
1.680000e-02	-6.003062e-02	
1.682500e-02	-6.002613e-02	
1.685000e-02	-6.002165e-02	
1.687500e-02	-6.001718e-02	
1.690000e-02	-6.001270e-02	
1.692500e-02	-6.000822e-02	
1.695000e-02	-6.000374e-02	
1.697500e-02	-5.999927e-02	
1.700000e-02	-5.999479e-02	
1.702500e-02	-5.999032e-02	
1.705000e-02	-5.998585e-02	
1.707500e-02	-5.998138e-02	
1.710000e-02	-5.997691e-02	
1.712500e-02	-5.997244e-02	
1.715000e-02	-5.996797e-02	
1.717500e-02	-5.996350e-02	
1.720000e-02	-5.995903e-02	
1.722500e-02	-5.995457e-02	
1.725000e-02	-5.995010e-02	
1.727500e-02	-5.994564e-02	
1.730000e-02	-5.994118e-02	
1.732500e-02	-5.993672e-02	
1.735000e-02	-5.993226e-02	
1.737500e-02	-5.992780e-02	
1.740000e-02	-5.992334e-02	
1.742500e-02	-5.991888e-02	
1.745000e-02	-5.991442e-02	
1.747500e-02	-5.990997e-02	
1.750000e-02	-5.990551e-02	
1.752500e-02	-5.990106e-02	
1.755000e-02	-5.989660e-02	
1.757500e-02	-5.989215e-02	
1.760000e-02	-5.988770e-02	
1.762500e-02	-5.988325e-02	
1.765000e-02	-5.987880e-02	
1.767500e-02	-5.987435e-02	
1.770000e-02	-5.986990e-02	
1.772500e-02	-5.986546e-02	
1.775000e-02	-5.986101e-02	
1.777500e-02	-5.985657e-02	
1.780000e-02	-5.985212e-02	
1.782500e-02	-5.984768e-02	
1.785000e-02	-5.984324e-02	
1.787500e-02	-5.983879e-02	
1.790000e-02	-5.983435e-02	
1.792500e-02	-5.982991e-02	
1.795000e-02	-5.982547e-02	
1.797500e-02	-5.982104e-02	
1.800000e-02	-5.981660e-02	
1.802500e-02	-5.981216e-02	
1.805000e-02	-5.980773e-02	
1.807500e-02	-5.980329e-02	
1.810000e-02	-5.979886e-02	
1.812500e-02	-5.979442e-02	
1.815000e-02	-5.978999e-02	
1.817500e-02	-5.978556e-02	
1.820000e-02	-5.978113e-02	
1.822500e-02	-5.977670e-02	
1.825000e-02	-5.977227e-02	
1.827500e-02	-5.976784e-02	
1.830000e-02	-5.976341e-02	
1.832500e-02	-5.975898e-02	
1.835000e-02	-5.975456e-02	
1.837500e-02	-5.975013e-02	
1.840000e-02	-5.974571e-02	
1.842500e-02	-5.974128e-02	
1.845000e-02	-5.973686e-02	
1.847500e-02	-5.973244e-02	
1.850000e-02	-5.972802e-02	
1.852500e-02	-5.972359e-02	
1.855000e-02	-5.971917e-02	
1.857500e-02	-5.971475e-02	
1.860000e-02	-5.971034e-02	
1.862500e-02	-5.970592e-02	
1.865000e-02	-5.970150e-02	
1.867500e-02	-5.969708e-02	
1.870000e-02	-5.969267e-02	
1.872500e-02	-5.968825e-02	
1.875000e-02	-5.968384e-02	
1.877500e-02	-5.967942e-02	
1.880000e-02	-5.967501e-02	
1.882500e-02	-5.967060e-02	
1.885000e-02	-5.966619e-02	
1.887500e-02	-5.966178e-02	
1.890000e-02	-5.965736e-02	
1.892500e-02	-5.965295e-02	
1.895000e-02	-5.964855e-02	
1.897500e-02	-5.964414e-02	
1.900000e-02	-5.963973e-02	
1.902500e-02	-5.963532e-02	
1.905000e-02	-5.963092e-02	
1.907500e-02	-5.962651e-02	
1.910000e-02	-5.962210e-02	
1.912500e-02	-5.961770e-02	
1.915000e-02	-5.961330e-02	
1.917500e-02	-5.960889e-02	
1.920000e-02	-5.960449e-02	
1.922500e-02	-5.960009e-02	
1.925000e-02	-5.959569e-02	
1.927500e-02	-5.959129e-02	
1.930000e-02	-5.958689e-02	
1.932500e-02	-5.958249e-02	
1.935000e-02	-5.957809e-02	
1.937500e-02	-5.957369e-02	
1.940000e-02	-5.956929e-02	
1.942500e-02	-5.956489e-02	
1.945000e-02	-5.956050e-02	
1.947500e-02	-5.955610e-02	
1.950000e-02	-5.955171e-02	
1.952500e-02	-5.954731e-02	
1.955000e-02	-5.954292e-02	
1.957500e-02	-5.953852e-02	
1.960000e-02	-5.953413e-02	
1.962500e-02	-5.952974e-02	
1.965000e-02	-5.952535e-02	
1.967500e-02	-5.952095e-02	
1.970000e-02	-5.951656e-02	
1.972500e-02	-5.951217e-02	
1.975000e-02	-5.950778e-02	
1.977500e-02	-5.950339e-02	
1.980000e-02	-5.949901e-02	
1.982500e-02	-5.949462e-02	
1.985000e-02	-5.949023e-02	
1.987500e-02	-5.948584e-02	
1.990000e-02	-5.948146e-02	
1.992500e-02	-5.947707e-02	
1.995000e-02	-5.947268e-02	
1.997500e-02	-5.946830e-02	
2.000000e-02	-5.946391e-02	
2.002500e-02	-5.945953e-02	
2.005000e-02	-5.945515e-02	
2.007500e-02	-5.945076e-02	
2.010000e-02	-5.944638e-02	
2.012500e-02	-5.944200e-02	
2.015000e-02	-5.943762e-02	
2.017500e-02	-5.943324e-02	
2.020000e-02	-5.942886e-02	
2.022500e-02	-5.942448e-02	
2.025000e-02	-5.942010e-02	
2.027500e-02	-5.941572e-02	
2.030000e-02	-5.941134e-02	
2.032500e-02	-5.940696e-02	
2.035000e-02	-5.940258e-02	
2.037500e-02	-5.939820e-02	
2.040000e-02	-5.939383e-02	
2.042500e-02	-5.938945e-02	
2.045000e-02	-5.938507e-02	
2.047500e-02	-5.938070e-02	
2.050000e-02	-5.937632e-02	
2.052500e-02	-5.937195e-02	
2.055000e-02	-5.936757e-02	
2.057500e-02	-5.936320e-02	
2.060000e-02	-5.935882e-02	
2.062500e-02	-5.935445e-02	
2.065000e-02	-5.935008e-02	
2.067500e-02	-5.934571e-02	
2.070000e-02	-5.934133e-02	
2.072500e-02	-5.933696e-02	
2.075000e-02	-5.933259e-02	
2.077500e-02	-5.932822e-02	
2.080000e-02	-5.932385e-02	
2.082500e-02	-5.931948e-02	
2.085000e-02	-5.931511e-02	
2.087500e-02	-5.931074e-02	
2.090000e-02	-5.930637e-02	
2.092500e-02	-5.930200e-02	
2.095000e-02	-5.929763e-02	
2.097500e-02	-5.929326e-02	
2.100000e-02	-5.928890e-02	
2.102500e-02	-5.928453e-02	
2.105000e-02	-5.928016e-02	
2.107500e-02	-5.927580e-02	
2.110000e-02	-5.927143e-02	
2.112500e-02	-5.926706e-02	
2.115000e-02	-5.926270e-02	
2.117500e-02	-5.925833e-02	
2.120000e-02	-5.925397e-02	
2.122500e-02	-5.924960e-02	
2.125000e-02	-5.924524e-02	
2.127500e-02	-5.924087e-02	
2.130000e-02	-5.923651e-02	
2.132500e-02	-5.923214e-02	
2.135000e-02	-5.922778e-02	
2.137500e-02	-5.922342e-02	
2.140000e-02	-5.921905e-02	
2.142500e-02	-5.921469e-02	
2.145000e-02	-5.921033e-02	
2.147500e-02	-5.920597e-02	
2.150000e-02	-5.920160e-02	
2.152500e-02	-5.919724e-02	
2.155000e-02	-5.919288e-02	
2.157500e-02	-5.918852e-02	
2.160000e-02	-5.918416e-02	
2.162500e-02	-5.917980e-02	
2.165000e-02	-5.917544e-02	
2.167500e-02	-5.917107e-02	
2.170000e-02	-5.916671e-02	
2.172500e-02	-5.916235e-02	
2.175000e-02	-5.915799e-02	
2.177500e-02	-5.915363e-02	
2.180000e-02	-5.914927e-02	
2.182500e-02	-5.914492e-02	
2.185000e-02	-5.914056e-02	
2.187500e-02	-5.913620e-02	
2.190000e-02	-5.913184e-02	
2.192500e-02	-5.912748e-02	
2.195000e-02	-5.912312e-02	
2.197500e-02	-5.911876e-02	
2.200000e-02	-5.911440e-02	
2.202500e-02	-5.911004e-02	
2.205000e-02	-5.910569e-02	
2.207500e-02	-5.910133e-02	
2.210000e-02	-5.909697e-02	
2.212500e-02	-5.909261e-02	
2.215000e-02	-5.908825e-02	
2.217500e-02	-5.908390e-02	
2.220000e-02	-5.907954e-02	
2.222500e-02	-5.907518e-02	
2.225000e-02	-5.907082e-02	
2.227500e-02	-5.906647e-02	
2.230000e-02	-5.906211e-02	
2.232500e-02	-5.905775e-02	
2.235000e-02	-5.905339e-02	
2.237500e-02	-5.904904e-02	
2.240000e-02	-5.904468e-02	
2.242500e-02	-5.904032e-02	
2.245000e-02	-5.903597e-02	
2.247500e-02	-5.903161e-02	
2.250000e-02	-5.902725e-02	
2.252500e-02	-5.902289e-02	
2.255000e-02	-5.901854e-02	
2.257500e-02	-5.901418e-02	
2.260000e-02	-5.900982e-02	
2.262500e-02	-5.900547e-02	
2.265000e-02	-5.900111e-02	
2.267500e-02	-5.899675e-02	
2.270000e-02	-5.899239e-02	
2.272500e-02	-5.898804e-02	
2.275000e-02	-5.898368e-02	
2.277500e-02	-5.897932e-02	
2.280000e-02	-5.897496e-02	
2.282500e-02	-5.897061e-02	
2.285000e-02	-5.896625e-02	
2.287500e-02	-5.896189e-02	
2.290000e-02	-5.895753e-02	
2.292500e-02	-5.895317e-02	
2.295000e-02	-5.894882e-02	
2.297500e-02	-5.894446e-02	
2.300000e-02	-5.894010e-02	
2.302500e-02	-5.893574e-02	
2.305000e-02	-5.893138e-02	
2.307500e-02	-5.892702e-02	
2.310000e-02	-5.892266e-02	
2.312500e-02	-5.891831e-02	
2.315000e-02	-5.891395e-02	
2.317500e-02	-5.890959e-02	
2.320000e-02	-5.890523e-02	
2.322500e-02	-5.890087e-02	
2.325000e-02	-5.889651e-02	
2.327500e-02	-5.889215e-02	
2.330000e-02	-5.888778e-02	
2.332500e-02	-5.888342e-02	
2.335000e-02	-5.887906e-02	
2.337500e-02	-5.887470e-02	
2.340000e-02	-5.887034e-02	
2.342500e-02	-5.886598e-02	
2.345000e-02	-5.886161e-02	
2.347500e-02	-5.885725e-02	
2.350000e-02	-5.885289e-02	
2.352500e-02	-5.884853e-02	
2.355000e-02	-5.884416e-02	
2.357500e-02	-5.883980e-02	
2.360000e-02	-5.883543e-02	
2.362500e-02	-5.883107e-02	
2.365000e-02	-5.882670e-02	
2.367500e-02	-5.882234e-02	
2.370000e-02	-5.881797e-02	
2.372500e-02	-5.881361e-02	
2.375000e-02	-5.880924e-02	
2.377500e-02	-5.880487e-02	
2.380000e-02	-5.880051e-02	
2.382500e-02	-5.879614e-02	
2.385000e-02	-5.879177e-02	
2.387500e-02	-5.878740e-02	
2.390000e-02	-5.878303e-02	
2.392500e-02	-5.877866e-02	
2.395000e-02	-5.877429e-02	
2.397500e-02	-5.876992e-02	
2.400000e-02	-5.876555e-02	
2.402500e-02	-5.876118e-02	
2.405000e-02	-5.875681e-02	
2.407500e-02	-5.875244e-02	
2.410000e-02	-5.874806e-02	
2.412500e-02	-5.874369e-02	
2.415000e-02	-5.873932e-02	
2.417500e-02	-5.873494e-02	
2.420000e-02	-5.873057e-02	
2.422500e-02	-5.872619e-02	
2.425000e-02	-5.872181e-02	
2.427500e-02	-5.871744e-02	
2.430000e-02	-5.871306e-02	
2.432500e-02	-5.870868e-02	
2.435000e-02	-5.870430e-02	
2.437500e-02	-5.869992e-02	
2.440000e-02	-5.869554e-02	
2.442500e-02	-5.869116e-02	
2.445000e-02	-5.868678e-02	
2.447500e-02	-5.868240e-02	
2.450000e-02	-5.867801e-02	
2.452500e-02	-5.867363e-02	
2.455000e-02	-5.866924e-02	
2.457500e-02	-5.866486e-02	
2.460000e-02	-5.866047e-02	
2.462500e-02	-5.865609e-02	
2.465000e-02	-5.865170e-02	
2.467500e-02	-5.864731e-02	
2.470000e-02	-5.864292e-02	
2.472500e-02	-5.863853e-02	
2.475000e-02	-5.863414e-02	
2.477500e-02	-5.862975e-02	
2.480000e-02	-5.862536e-02	
2.482500e-02	-5.862096e-02	
2.485000e-02	-5.861657e-02	
2.487500e-02	-5.861217e-02	
2.490000e-02	-5.860778e-02	
2.492500e-02	-5.860338e-02	
2.495000e-02	-5.859898e-02	
2.497500e-02	-5.859458e-02	
2.500000e-02	-5.859018e-02	
2.502500e-02	-5.858578e-02	
2.505000e-02	-5.858138e-02	
2.507500e-02	-5.857697e-02	
2.510000e-02	-5.857257e-02	
2.512500e-02	-5.856816e-02	
2.515000e-02	-5.856376e-02	
2.517500e-02	-5.855935e-02	
2.520000e-02	-5.855494e-02	
2.522500e-02	-5.855053e-02	
2.525000e-02	-5.854612e-02	
2.527500e-02	-5.854171e-02	
2.530000e-02	-5.853730e-02	
2.532500e-02	-5.853288e-02	
2.535000e-02	-5.852847e-02	
2.537500e-02	-5.852405e-02	
2.540000e-02	-5.851963e-02	
2.542500e-02	-5.851521e-02	
2.545000e-02	-5.851079e-02	
2.547500e-02	-5.850637e-02	
2.550000e-02	-5.850195e-02	
2.552500e-02	-5.849752e-02	
2.555000e-02	-5.849310e-02	
2.557500e-02	-5.848867e-02	
2.560000e-02	-5.848424e-02	
2.562500e-02	-5.847981e-02	
2.565000e-02	-5.847538e-02	
2.567500e-02	-5.847095e-02	
2.570000e-02	-5.846651e-02	
2.572500e-02	-5.846208e-02	
2.575000e-02	-5.845764e-02	
2.577500e-02	-5.845320e-02	
2.580000e-02	-5.844876e-02	
2.582500e-02	-5.844432e-02	
2.585000e-02	-5.843988e-02	
2.587500e-02	-5.843543e-02	
2.590000e-02	-5.843098e-02	
2.592500e-02	-5.842654e-02	
2.595000e-02	-5.842209e-02	
2.597500e-02	-5.841763e-02	
2.600000e-02	-5.841318e-02	
2.602500e-02	-5.840873e-02	
2.605000e-02	-5.840427e-02	
2.607500e-02	-5.839981e-02	
2.610000e-02	-5.839535e-02	
2.612500e-02	-5.839089e-02	
2.615000e-02	-5.838643e-02	
2.617500e-02	-5.838196e-02	
2.620000e-02	-5.837749e-02	
2.622500e-02	-5.837302e-02	
2.625000e-02	-5.836855e-02	
2.627500e-02	-5.836408e-02	
2.630000e-02	-5.835961e-02	
2.632500e-02	-5.835513e-02	
2.635000e-02	-5.835065e-02	
2.637500e-02	-5.834617e-02	
2.640000e-02	-5.834169e-02	
2.642500e-02	-5.833720e-02	
2.645000e-02	-5.833271e-02	
2.647500e-02	-5.832822e-02	
2.650000e-02	-5.832373e-02	
2.652500e-02	-5.831924e-02	
2.655000e-02	-5.831474e-02	
2.657500e-02	-5.831024e-02	
2.660000e-02	-5.830574e-02	
2.662500e-02	-5.830124e-02	
2.665000e-02	-5.829674e-02	
2.667500e-02	-5.829223e-02	
2.670000e-02	-5.828772e-02	
2.672500e-02	-5.828321e-02	
2.675000e-02	-5.827869e-02	
2.677500e-02	-5.827418e-02	
2.680000e-02	-5.826966e-02	
2.682500e-02	-5.826513e-02	
2.685000e-02	-5.826061e-02	
2.687500e-02	-5.825608e-02	
2.690000e-02	-5.825155e-02	
2.692500e-02	-5.824702e-02	
2.695000e-02	-5.824249e-02	
2.697500e-02	-5.823795e-02	
2.700000e-02	-5.823341e-02	
2.702500e-02	-5.822886e-02	
2.705000e-02	-5.822432e-02	
2.707500e-02	-5.821977e-02	
2.710000e-02	-5.821522e-02	
2.712500e-02	-5.821066e-02	
2.715000e-02	-5.820610e-02	
2.717500e-02	-5.820154e-02	
2.720000e-02	-5.819698e-02	
2.722500e-02	-5.819241e-02	
2.725000e-02	-5.818784e-02	
2.727500e-02	-5.818327e-02	
2.730000e-02	-5.817869e-02	
2.732500e-02	-5.817411e-02	
2.735000e-02	-5.816953e-02	
2.737500e-02	-5.816495e-02	
2.740000e-02	-5.816036e-02	
2.742500e-02	-5.815576e-02	
2.745000e-02	-5.815117e-02	
2.747500e-02	-5.814657e-02	
2.750000e-02	-5.814197e-02	
2.752500e-02	-5.813736e-02	
2.755000e-02	-5.813275e-02	
2.757500e-02	-5.812814e-02	
2.760000e-02	-5.812352e-02	
2.762500e-02	-5.811890e-02	
2.765000e-02	-5.811427e-02	
2.767500e-02	-5.810964e-02	
2.770000e-02	-5.810501e-02	
2.772500e-02	-5.810037e-02	
2.775000e-02	-5.809573e-02	
2.777500e-02	-5.809109e-02	
2.780000e-02	-5.808644e-02	
2.782500e-02	-5.808179e-02	
2.785000e-02	-5.807713e-02	
2.787500e-02	-5.807247e-02	
2.790000e-02	-5.806781e-02	
2.792500e-02	-5.806314e-02	
2.795000e-02	-5.805846e-02	
2.797500e-02	-5.805379e-02	
2.800000e-02	-5.804910e-02	
2.802500e-02	-5.804442e-02	
2.805000e-02	-5.803972e-02	
2.807500e-02	-5.803503e-02	
2.810000e-02	-5.803033e-02	
2.812500e-02	-5.802562e-02	
2.815000e-02	-5.802091e-02	
2.817500e-02	-5.801619e-02	
2.820000e-02	-5.801147e-02	
2.822500e-02	-5.800675e-02	
2.825000e-02	-5.800202e-02	
2.827500e-02	-5.799728e-02	
2.830000e-02	-5.799254e-02	
2.832500e-02	-5.798779e-02	
2.835000e-02	-5.798304e-02	
2.837500e-02	-5.797828e-02	
2.840000e-02	-5.797352e-02	
2.842500e-02	-5.796875e-02	
2.845000e-02	-5.796398e-02	
2.847500e-02	-5.795920e-02	
2.850000e-02	-5.795442e-02	
2.852500e-02	-5.794962e-02	
2.855000e-02	-5.794483e-02	
2.857500e-02	-5.794002e-02	
2.860000e-02	-5.793521e-02	
2.862500e-02	-5.793040e-02	
2.865000e-02	-5.792558e-02	
2.867500e-02	-5.792075e-02	
2.870000e-02	-5.791591e-02	
2.872500e-02	-5.791107e-02	
2.875000e-02	-5.790623e-02	
2.877500e-02	-5.790137e-02	
2.880000e-02	-5.789651e-02	
2.882500e-02	-5.789164e-02	
2.885000e-02	-5.788677e-02	
2.887500e-02	-5.788188e-02	
2.890000e-02	-5.787699e-02	
2.892500e-02	-5.787210e-02	
2.895000e-02	-5.786719e-02	
2.897500e-02	-5.786228e-02	
2.900000e-02	-5.785736e-02	
2.902500e-02	-5.785243e-02	
2.905000e-02	-5.784750e-02	
2.907500e-02	-5.784256e-02	
2.910000e-02	-5.783760e-02	
2.912500e-02	-5.783265e-02	
2.915000e-02	-5.782768e-02	
2.917500e-02	-5.782270e-02	
2.920000e-02	-5.781772e-02	
2.922500e-02	-5.781272e-02	
2.925000e-02	-5.780772e-02	
2.927500e-02	-5.780271e-02	
2.930000e-02	-5.779769e-02	
2.932500e-02	-5.779266e-02	
2.935000e-02	-5.778762e-02	
2.937500e-02	-5.778257e-02	
2.940000e-02	-5.777751e-02	
2.942500e-02	-5.777245e-02	
2.945000e-02	-5.776737e-02	
2.947500e-02	-5.776228e-02	
2.950000e-02	-5.775718e-02	
2.952500e-02	-5.775207e-02	
2.955000e-02	-5.774695e-02	
2.957500e-02	-5.774182e-02	
2.960000e-02	-5.773668e-02	
2.962500e-02	-5.773153e-02	
2.965000e-02	-5.772636e-02	
2.967500e-02	-5.772119e-02	
2.970000e-02	-5.771600e-02	
2.972500e-02	-5.771080e-02	
2.975000e-02	-5.770559e-02	
2.977500e-02	-5.770037e-02	
2.980000e-02	-5.769513e-02	
2.982500e-02	-5.768988e-02	
2.985000e-02	-5.768462e-02	
2.987500e-02	-5.767935e-02	
2.990000e-02	-5.767406e-02	
2.992500e-02	-5.766876e-02	
2.995000e-02	-5.766344e-02	
2.997500e-02	-5.765811e-02	
3.000000e-02	-5.765277e-02	
3.002500e-02	-5.764741e-02	
3.005000e-02	-5.764203e-02	
3.007500e-02	-5.763665e-02	
3.010000e-02	-5.763124e-02	
3.012500e-02	-5.762582e-02	
3.015000e-02	-5.762038e-02	
3.017500e-02	-5.761493e-02	
3.020000e-02	-5.760946e-02	
3.022500e-02	-5.760398e-02	
3.025000e-02	-5.759847e-02	
3.027500e-02	-5.759295e-02	
3.030000e-02	-5.758741e-02	
3.032500e-02	-5.758185e-02	
3.035000e-02	-5.757628e-02	
3.037500e-02	-5.757068e-02	
3.040000e-02	-5.756507e-02	
3.042500e-02	-5.755943e-02	
3.045000e-02	-5.755378e-02	
3.047500e-02	-5.754810e-02	
3.050000e-02	-5.754241e-02	
3.052500e-02	-5.753669e-02	
3.055000e-02	-5.753095e-02	
3.057500e-02	-5.752519e-02	
3.060000e-02	-5.751940e-02	
3.062500e-02	-5.751359e-02	
3.065000e-02	-5.750776e-02	
3.067500e-02	-5.750190e-02	
3.070000e-02	-5.749602e-02	
3.072500e-02	-5.749011e-02	
3.075000e-02	-5.748418e-02	
3.077500e-02	-5.747822e-02	
3.080000e-02	-5.747223e-02	
3.082500e-02	-5.746622e-02	
3.085000e-02	-5.746017e-02	
3.087500e-02	-5.745410e-02	
3.090000e-02	-5.744799e-02	
3.092500e-02	-5.744186e-02	
3.095000e-02	-5.743569e-02	
3.097500e-02	-5.742950e-02	
3.100000e-02	-5.742326e-02	
3.102500e-02	-5.741700e-02	
3.105000e-02	-5.741070e-02	
3.107500e-02	-5.740436e-02	
3.110000e-02	-5.739799e-02	
3.112500e-02	-5.739158e-02	
3.115000e-02	-5.738513e-02	
3.117500e-02	-5.737865e-02	
3.120000e-02	-5.737212e-02	
3.122500e-02	-5.736555e-02	
3.125000e-02	-5.735893e-02	
3.127500e-02	-5.735228e-02	
3.130000e-02	-5.734557e-02	
3.132500e-02	-5.733883e-02	
3.135000e-02	-5.733203e-02	
3.137500e-02	-5.732518e-02	
3.140000e-02	-5.731828e-02	
3.142500e-02	-5.731134e-02	
3.145000e-02	-5.730433e-02	
3.147500e-02	-5.729727e-02	
3.150000e-02	-5.729016e-02	
3.152500e-02	-5.728298e-02	
3.155000e-02	-5.727574e-02	
3.157500e-02	-5.726844e-02	
3.160000e-02	-5.726108e-02	
3.162500e-02	-5.725364e-02	
3.165000e-02	-5.724614e-02	
3.167500e-02	-5.723857e-02	
3.170000e-02	-5.723092e-02	
3.172500e-02	-5.722319e-02	
3.175000e-02	-5.721539e-02	
3.177500e-02	-5.720750e-02	
3.180000e-02	-5.719952e-02	
3.182500e-02	-5.719146e-02	
3.185000e-02	-5.718330e-02	
3.187500e-02	-5.717505e-02	
3.190000e-02	-5.716670e-02	
3.192500e-02	-5.715824e-02	
3.195000e-02	-5.714968e-02	
3.197500e-02	-5.714100e-02	
3.200000e-02	-5.713221e-02	
3.202500e-02	-5.712329e-02	
3.205000e-02	-5.711425e-02	
3.207500e-02	-5.710508e-02	
3.210000e-02	-5.709576e-02	
3.212500e-02	-5.708630e-02	
3.215000e-02	-5.707669e-02	
3.217500e-02	-5.706692e-02	
3.220000e-02	-5.705698e-02	
3.222500e-02	-5.704686e-02	
3.225000e-02	-5.703656e-02	
3.227500e-02	-5.702607e-02	
3.230000e-02	-5.701538e-02	
3.232500e-02	-5.700446e-02	
3.235000e-02	-5.699333e-02	
3.237500e-02	-5.698195e-02	
3.240000e-02	-5.697032e-02	
3.242500e-02	-5.695842e-02	
3.245000e-02	-5.694624e-02	
3.247500e-02	-5.693375e-02	
3.250000e-02	-5.692095e-02	
3.252500e-02	-5.690780e-02	
3.255000e-02	-5.689429e-02	
3.257500e-02	-5.688039e-02	
3.260000e-02	-5.686607e-02	
3.262500e-02	-5.685130e-02	
3.265000e-02	-5.683606e-02	
3.267500e-02	-5.682029e-02	
3.270000e-02	-5.680397e-02	
3.272500e-02	-5.678704e-02	
3.275000e-02	-5.676946e-02	
3.277500e-02	-5.675116e-02	
3.280000e-02	-5.673207e-02	
3.282500e-02	-5.671214e-02	
3.285000e-02	-5.669126e-02	
3.287500e-02	-5.666935e-02	
3.290000e-02	-5.664630e-02	
3.292500e-02	-5.662196e-02	
3.295000e-02	-5.659620e-02	
3.297500e-02	-5.656883e-02	
3.300000e-02	-5.653964e-02	
3.302500e-02	-5.650839e-02	
3.305000e-02	-5.647477e-02	
3.307500e-02	-5.643840e-02	
3.310000e-02	-5.639883e-02	
3.312500e-02	-5.635549e-02	
3.315000e-02	-5.630764e-02	
3.317500e-02	-5.625433e-02	
3.320000e-02	-5.619430e-02	
3.322500e-02	-5.612584e-02	
3.325000e-02	-5.604658e-02	
3.327500e-02	-5.595311e-02	
3.330000e-02	-5.584036e-02	
3.332500e-02	-5.570059e-02	
3.335000e-02	-5.552167e-02	
3.337500e-02	-5.528473e-02	
3.340000e-02	-5.496226e-02	
3.342500e-02	-5.451819e-02	
3.345000e-02	-5.390496e-02	
3.347500e-02	-5.306006e-02	
3.350000e-02	-5.191269e-02	
3.352500e-02	-5.041004e-02	
3.355000e-02	-4.852766e-02	
3.357500e-02	-4.626573e-02	
3.360000e-02	-4.365841e-02	
3.362500e-02	-4.073396e-02	
3.365000e-02	-3.746743e-02	
3.367500e-02	-3.378651e-02	
3.370000e-02	-2.962921e-02	
3.372500e-02	-2.500807e-02	
3.375000e-02	-2.007186e-02	
3.377500e-02	-1.487602e-02	
3.380000e-02	-8.520853e-03	
3.382500e-02	-3.623387e-04	
3.385000e-02	9.270599e-03	
3.387500e-02	1.803456e-02	
3.390000e-02	2.338620e-02	
3.392500e-02	2.551113e-02	
3.395000e-02	2.538689e-02	
3.397500e-02	2.337487e-02	
3.400000e-02	1.963355e-02	
3.402500e-02	1.441926e-02	
3.405000e-02	8.220219e-03	
3.407500e-02	1.680825e-03	
3.410000e-02	-4.648234e-03	
3.412500e-02	-1.049715e-02	
3.415000e-02	-1.583436e-02	
3.417500e-02	-2.073245e-02	
3.420000e-02	-2.534944e-02	
3.422500e-02	-2.971956e-02	
3.425000e-02	-3.379704e-02	
3.427500e-02	-3.770980e-02	
3.430000e-02	-4.161268e-02	
3.432500e-02	-4.545801e-02	
3.435000e-02	-4.900942e-02	
3.437500e-02	-5.198103e-02	
3.440000e-02	-5.424551e-02	
3.442500e-02	-5.588726e-02	
3.445000e-02	-5.707934e-02	
3.447500e-02	-5.797784e-02	
3.450000e-02	-5.869390e-02	
3.452500e-02	-5.929997e-02	
3.455000e-02	-5.984084e-02	
3.457500e-02	-6.034237e-02	
3.460000e-02	-6.081767e-02	
3.462500e-02	-6.127168e-02	
3.465000e-02	-6.170456e-02	
3.467500e-02	-6.211433e-02	
3.470000e-02	-6.249853e-02	
3.472500e-02	-6.285516e-02	
3.475000e-02	-6.318212e-02	
3.477500e-02	-6.347819e-02	
3.480000e-02	-6.374305e-02	
3.482500e-02	-6.397768e-02	
3.485000e-02	-6.418353e-02	
3.487500e-02	-6.436244e-02	
3.490000e-02	-6.451644e-02	
3.492500e-02	-6.464752e-02	
3.495000e-02	-6.475757e-02	
3.497500e-02	-6.484850e-02	
3.500000e-02	-6.492213e-02	
3.502500e-02	-6.498024e-02	
3.505000e-02	-6.502447e-02	
3.507500e-02	-6.505638e-02	
3.510000e-02	-6.507741e-02	
3.512500e-02	-6.508890e-02	
3.515000e-02	-6.509211e-02	
3.517500e-02	-6.508823e-02	
3.520000e-02	-6.507837e-02	
3.522500e-02	-6.506356e-02	
3.525000e-02	-6.504475e-02	
3.527500e-02	-6.502282e-02	
3.530000e-02	-6.499857e-02	
3.532500e-02	-6.497273e-02	
3.535000e-02	-6.494592e-02	
3.537500e-02	-6.491867e-02	
3.540000e-02	-6.489141e-02	
3.542500e-02	-6.486447e-02	
3.545000e-02	-6.483811e-02	
3.547500e-02	-6.481248e-02	
3.550000e-02	-6.478769e-02	
3.552500e-02	-6.476377e-02	
3.555000e-02	-6.474073e-02	
3.557500e-02	-6.471854e-02	
3.560000e-02	-6.469715e-02	
3.562500e-02	-6.467649e-02	
3.565000e-02	-6.465651e-02	
3.567500e-02	-6.463712e-02	
3.570000e-02	-6.461825e-02	
3.572500e-02	-6.459985e-02	
3.575000e-02	-6.458185e-02	
3.577500e-02	-6.456419e-02	
3.580000e-02	-6.454682e-02	
3.582500e-02	-6.452969e-02	
3.585000e-02	-6.451276e-02	
3.587500e-02	-6.449600e-02	
3.590000e-02	-6.447937e-02	
3.592500e-02	-6.446284e-02	
3.595000e-02	-6.444639e-02	
3.597500e-02	-6.443000e-02	
3.600000e-02	-6.441365e-02	
3.602500e-02	-6.439733e-02	
3.605000e-02	-6.438101e-02	
3.607500e-02	-6.436470e-02	
3.610000e-02	-6.434838e-02	
3.612500e-02	-6.433203e-02	
3.615000e-02	-6.431567e-02	
3.617500e-02	-6.429928e-02	
3.620000e-02	-6.428286e-02	
3.622500e-02	-6.426641e-02	
3.625000e-02	-6.424992e-02	
3.627500e-02	-6.423340e-02	
3.630000e-02	-6.421684e-02	
3.632500e-02	-6.420025e-02	
3.635000e-02	-6.418362e-02	
3.637500e-02	-6.416696e-02	
3.640000e-02	-6.415027e-02	
3.642500e-02	-6.413354e-02	
3.645000e-02	-6.411679e-02	
3.647500e-02	-6.410000e-02	
3.650000e-02	-6.408320e-02	
3.652500e-02	-6.406636e-02	
3.655000e-02	-6.404951e-02	
3.657500e-02	-6.403264e-02	
3.660000e-02	-6.401576e-02	
3.662500e-02	-6.399886e-02	
3.665000e-02	-6.398194e-02	
3.667500e-02	-6.396502e-02	
3.670000e-02	-6.394810e-02	
3.672500e-02	-6.393116e-02	
3.675000e-02	-6.391423e-02	
3.677500e-02	-6.389729e-02	
3.680000e-02	-6.388036e-02	
3.682500e-02	-6.386343e-02	
3.685000e-02	-6.384651e-02	
3.687500e-02	-6.382960e-02	
3.690000e-02	-6.381270e-02	
3.692500e-02	-6.379581e-02	
3.695000e-02	-6.377894e-02	
3.697500e-02	-6.376208e-02	
3.700000e-02	-6.374525e-02	
3.702500e-02	-6.372844e-02	
3.705000e-02	-6.371165e-02	
3.707500e-02	-6.369489e-02	
3.710000e-02	-6.367815e-02	
3.712500e-02	-6.366145e-02	
3.715000e-02	-6.364478e-02	
3.717500e-02	-6.362814e-02	
3.720000e-02	-6.361154e-02	
3.722500e-02	-6.359498e-02	
3.725000e-02	-6.357846e-02	
3.727500e-02	-6.356198e-02	
3.730000e-02	-6.354555e-02	
3.732500e-02	-6.352917e-02	
3.735000e-02	-6.351283e-02	
3.737500e-02	-6.349655e-02	
3.740000e-02	-6.348031e-02	
3.742500e-02	-6.346414e-02	
3.745000e-02	-6.344802e-02	
3.747500e-02	-6.343196e-02	
3.750000e-02	-6.341596e-02	
3.752500e-02	-6.340002e-02	
3.755000e-02	-6.338415e-02	
3.757500e-02	-6.336835e-02	
3.760000e-02	-6.335262e-02	
3.762500e-02	-6.333696e-02	
3.765000e-02	-6.332137e-02	
3.767500e-02	-6.330586e-02	
3.770000e-02	-6.329042e-02	
3.772500e-02	-6.327507e-02	
3.775000e-02	-6.325979e-02	
3.777500e-02	-6.324460e-02	
3.780000e-02	-6.322949e-02	
3.782500e-02	-6.321446e-02	
3.785000e-02	-6.319952e-02	
3.787500e-02	-6.318468e-02	
3.790000e-02	-6.316992e-02	
3.792500e-02	-6.315526e-02	
3.795000e-02	-6.314069e-02	
3.797500e-02	-6.312621e-02	
3.800000e-02	-6.311184e-02	
3.802500e-02	-6.309757e-02	
3.805000e-02	-6.308339e-02	
3.807500e-02	-6.306932e-02	
3.810000e-02	-6.305536e-02	
3.812500e-02	-6.304150e-02	
3.815000e-02	-6.302775e-02	
3.817500e-02	-6.301411e-02	
3.820000e-02	-6.300057e-02	
3.822500e-02	-6.298716e-02	
3.825000e-02	-6.297386e-02	
3.827500e-02	-6.296069e-02	
3.830000e-02	-6.294765e-02	
3.832500e-02	-6.293473e-02	
3.835000e-02	-6.292194e-02	
3.837500e-02	-6.290928e-02	
3.840000e-02	-6.289674e-02	
3.842500e-02	-6.288433e-02	
3.845000e-02	-6.287204e-02	
3.847500e-02	-6.285989e-02	
3.850000e-02	-6.284787e-02	
3.852500e-02	-6.283597e-02	
3.855000e-02	-6.282421e-02	
3.857500e-02	-6.281257e-02	
3.860000e-02	-6.280107e-02	
3.862500e-02	-6.278970e-02	
3.865000e-02	-6.277846e-02	
3.867500e-02	-6.276736e-02	
3.870000e-02	-6.275639e-02	
3.872500e-02	-6.274555e-02	
3.875000e-02	-6.273485e-02	
3.877500e-02	-6.272428e-02	
3.880000e-02	-6.271384e-02	
3.882500e-02	-6.270355e-02	
3.885000e-02	-6.269339e-02	
3.887500e-02	-6.268336e-02	
3.890000e-02	-6.267347e-02	
3.892500e-02	-6.266372e-02	
3.895000e-02	-6.265410e-02	
3.897500e-02	-6.264462e-02	
3.900000e-02	-6.263528e-02	
3.902500e-02	-6.262607e-02	
3.905000e-02	-6.261699e-02	
3.907500e-02	-6.260805e-02	
3.910000e-02	-6.259925e-02	
3.912500e-02	-6.259058e-02	
3.915000e-02	-6.258205e-02	
3.917500e-02	-6.257364e-02	
3.920000e-02	-6.256538e-02	
3.922500e-02	-6.255724e-02	
3.925000e-02	-6.254924e-02	
3.927500e-02	-6.254138e-02	
3.930000e-02	-6.253364e-02	
3.932500e-02	-6.252604e-02	
3.935000e-02	-6.251858e-02	
3.937500e-02	-6.251124e-02	
3.940000e-02	-6.250404e-02	
3.942500e-02	-6.249697e-02	
3.945000e-02	-6.249003e-02	
3.947500e-02	-6.248322e-02	
3.950000e-02	-6.247653e-02	
3.952500e-02	-6.246998e-02	
3.955000e-02	-6.246356e-02	
3.957500e-02	-6.245726e-02	
3.960000e-02	-6.245109e-02	
3.962500e-02	-6.244505e-02	
3.965000e-02	-6.243914e-02	
3.967500e-02	-6.243335e-02	
3.970000e-02	-6.242768e-02	
3.972500e-02	-6.242214e-02	
3.975000e-02	-6.241671e-02	
3.977500e-02	-6.241142e-02	
3.980000e-02	-6.240624e-02	
3.982500e-02	-6.240118e-02	
3.985000e-02	-6.239624e-02	
3.987500e-02	-6.239143e-02	
3.990000e-02	-6.238673e-02	
3.992500e-02	-6.238214e-02	
3.995000e-02	-6.237767e-02	
3.997500e-02	-6.237332e-02	
4.000000e-02	-6.236908e-02	
4.002500e-02	-6.236495e-02	
4.005000e-02	-6.236093e-02	
4.007500e-02	-6.235703e-02	
4.010000e-02	-6.235323e-02	
4.012500e-02	-6.234954e-02	
4.015000e-02	-6.234595e-02	
4.017500e-02	-6.234248e-02	
4.020000e-02	-6.233911e-02	
4.022500e-02	-6.233584e-02	
4.025000e-02	-6.233268e-02	
4.027500e-02	-6.232962e-02	
4.030000e-02	-6.232666e-02	
4.032500e-02	-6.232380e-02	
4.035000e-02	-6.232104e-02	
4.037500e-02	-6.231837e-02	
4.040000e-02	-6.231581e-02	
4.042500e-02	-6.231334e-02	
4.045000e-02	-6.231096e-02	
4.047500e-02	-6.230868e-02	
4.050000e-02	-6.230649e-02	
4.052500e-02	-6.230439e-02	
4.055000e-02	-6.230239e-02	
4.057500e-02	-6.230047e-02	
4.060000e-02	-6.229864e-02	
4.062500e-02	-6.229689e-02	
4.065000e-02	-6.229524e-02	
4.067500e-02	-6.229366e-02	
4.070000e-02	-6.229217e-02	
4.072500e-02	-6.229076e-02	
4.075000e-02	-6.228943e-02	
4.077500e-02	-6.228817e-02	
4.080000e-02	-6.228699e-02	
4.082500e-02	-6.228589e-02	
4.085000e-02	-6.228486e-02	
4.087500e-02	-6.228391e-02	
4.090000e-02	-6.228303e-02	
4.092500e-02	-6.228222e-02	
4.095000e-02	-6.228148e-02	
4.097500e-02	-6.228080e-02	
4.100000e-02	-6.228020e-02	
4.102500e-02	-6.227966e-02	
4.105000e-02	-6.227919e-02	
4.107500e-02	-6.227879e-02	
4.110000e-02	-6.227844e-02	
4.112500e-02	-6.227816e-02	
4.115000e-02	-6.227794e-02	
4.117500e-02	-6.227779e-02	
4.120000e-02	-6.227769e-02	
4.122500e-02	-6.227765e-02	
4.125000e-02	-6.227766e-02	
4.127500e-02	-6.227773e-02	
4.130000e-02	-6.227786e-02	
4.132500e-02	-6.227803e-02	
4.135000e-02	-6.227826e-02	
4.137500e-02	-6.227854e-02	
4.140000e-02	-6.227886e-02	
4.142500e-02	-6.227924e-02	
4.145000e-02	-6.227966e-02	
4.147500e-02	-6.228013e-02	
4.150000e-02	-6.228064e-02	
4.152500e-02	-6.228120e-02	
4.155000e-02	-6.228179e-02	
4.157500e-02	-6.228243e-02	
4.160000e-02	-6.228310e-02	
4.162500e-02	-6.228380e-02	
4.165000e-02	-6.228454e-02	
4.167500e-02	-6.228531e-02	
4.170000e-02	-6.228611e-02	
4.172500e-02	-6.228694e-02	
4.175000e-02	-6.228780e-02	
4.177500e-02	-6.228868e-02	
4.180000e-02	-6.228960e-02	
4.182500e-02	-6.229054e-02	
4.185000e-02	-6.229150e-02	
4.187500e-02	-6.229249e-02	
4.190000e-02	-6.229350e-02	
4.192500e-02	-6.229453e-02	
4.195000e-02	-6.229559e-02	
4.197500e-02	-6.229666e-02	
4.200000e-02	-6.229776e-02	
4.202500e-02	-6.229887e-02	
4.205000e-02	-6.230000e-02	
4.207500e-02	-6.230116e-02	
4.210000e-02	-6.230232e-02	
4.212500e-02	-6.230350e-02	
4.215000e-02	-6.230470e-02	
4.217500e-02	-6.230590e-02	
4.220000e-02	-6.230712e-02	
4.222500e-02	-6.230835e-02	
4.225000e-02	-6.230959e-02	
4.227500e-02	-6.231084e-02	
4.230000e-02	-6.231210e-02	
4.232500e-02	-6.231337e-02	
4.235000e-02	-6.231465e-02	
4.237500e-02	-6.231593e-02	
4.240000e-02	-6.231722e-02	
4.242500e-02	-6.231851e-02	
4.245000e-02	-6.231981e-02	
4.247500e-02	-6.232111e-02	
4.250000e-02	-6.232240e-02	
4.252500e-02	-6.232369e-02	
4.255000e-02	-6.232497e-02	
4.257500e-02	-6.232623e-02	
4.260000e-02	-6.232747e-02	
4.262500e-02	-6.232869e-02	
4.265000e-02	-6.232988e-02	
4.267500e-02	-6.233106e-02	
4.270000e-02	-6.233221e-02	
4.272500e-02	-6.233333e-02	
4.275000e-02	-6.233444e-02	
4.277500e-02	-6.233551e-02	
4.280000e-02	-6.233657e-02	
4.282500e-02	-6.233761e-02	
4.285000e-02	-6.233863e-02	
4.287500e-02	-6.233964e-02	
4.290000e-02	-6.234063e-02	
4.292500e-02	-6.234160e-02	
4.295000e-02	-6.234256e-02	
4.297500e-02	-6.234350e-02	
4.300000e-02	-6.234443e-02	
4.302500e-02	-6.234535e-02	
4.305000e-02	-6.234625e-02	
4.307500e-02	-6.234714e-02	
4.310000e-02	-6.234802e-02	
4.312500e-02	-6.234888e-02	
4.315000e-02	-6.234974e-02	
4.317500e-02	-6.235059e-02	
4.320000e-02	-6.235142e-02	
4.322500e-02	-6.235224e-02	
4.325000e-02	-6.235306e-02	
4.327500e-02	-6.235386e-02	
4.330000e-02	-6.235465e-02	
4.332500e-02	-6.235544e-02	
4.335000e-02	-6.235621e-02	
4.337500e-02	-6.235697e-02	
4.340000e-02	-6.235773e-02	
4.342500e-02	-6.235847e-02	
4.345000e-02	-6.235921e-02	
4.347500e-02	-6.235993e-02	
4.350000e-02	-6.236065e-02	
4.352500e-02	-6.236135e-02	
4.355000e-02	-6.236205e-02	
4.357500e-02	-6.236274e-02	
4.360000e-02	-6.236342e-02	
4.362500e-02	-6.236409e-02	
4.365000e-02	-6.236475e-02	
4.367500e-02	-6.236540e-02	
4.370000e-02	-6.236604e-02	
4.372500e-02	-6.236668e-02	
4.375000e-02	-6.236730e-02	
4.377500e-02	-6.236792e-02	
4.380000e-02	-6.236852e-02	
4.382500e-02	-6.236912e-02	
4.385000e-02	-6.236971e-02	
4.387500e-02	-6.237029e-02	
4.390000e-02	-6.237085e-02	
4.392500e-02	-6.237141e-02	
4.395000e-02	-6.237196e-02	
4.397500e-02	-6.237250e-02	
4.400000e-02	-6.237303e-02	
4.402500e-02	-6.237355e-02	
4.405000e-02	-6.237406e-02	
4.407500e-02	-6.237456e-02	
4.410000e-02	-6.237505e-02	
4.412500e-02	-6.237552e-02	
4.415000e-02	-6.237599e-02	
4.417500e-02	-6.237645e-02	
4.420000e-02	-6.237690e-02	
4.422500e-02	-6.237733e-02	
4.425000e-02	-6.237776e-02	
4.427500e-02	-6.237818e-02	
4.430000e-02	-6.237859e-02	
4.432500e-02	-6.237899e-02	
4.435000e-02	-6.237938e-02	
4.437500e-02	-6.237976e-02	
4.440000e-02	-6.238013e-02	
4.442500e-02	-6.238049e-02	
4.445000e-02	-6.238084e-02	
4.447500e-02	-6.238119e-02	
4.450000e-02	-6.238152e-02	
4.452500e-02	-6.238185e-02	
4.455000e-02	-6.238217e-02	
4.457500e-02	-6.238248e-02	
4.460000e-02	-6.238278e-02	
4.462500e-02	-6.238308e-02	
4.465000e-02	-6.238336e-02	
4.467500e-02	-6.238364e-02	
4.470000e-02	-6.238391e-02	
4.472500e-02	-6.238417e-02	
4.475000e-02	-6.238442e-02	
4.477500e-02	-6.238466e-02	
4.480000e-02	-6.238490e-02	
4.482500e-02	-6.238513e-02	
4.485000e-02	-6.238535e-02	
4.487500e-02	-6.238556e-02	
4.490000e-02	-6.238576e-02	
4.492500e-02	-6.238595e-02	
4.495000e-02	-6.238614e-02	
4.497500e-02	-6.238632e-02	
4.500000e-02	-6.238649e-02	
4.502500e-02	-6.238665e-02	
4.505000e-02	-6.238680e-02	
4.507500e-02	-6.238695e-02	
4.510000e-02	-6.238709e-02	
4.512500e-02	-6.238721e-02	
4.515000e-02	-6.238734e-02	
4.517500e-02	-6.238745e-02	
4.520000e-02	-6.238756e-02	
4.522500e-02	-6.238766e-02	
4.525000e-02	-6.238775e-02	
4.527500e-02	-6.238783e-02	
4.530000e-02	-6.238791e-02	
4.532500e-02	-6.238798e-02	
4.535000e-02	-6.238805e-02	
4.537500e-02	-6.238811e-02	
4.540000e-02	-6.238816e-02	
4.542500e-02	-6.238820e-02	
4.545000e-02	-6.238824e-02	
4.547500e-02	-6.238827e-02	
4.550000e-02	-6.238830e-02	
4.552500e-02	-6.238832e-02	
4.555000e-02	-6.238834e-02	
4.557500e-02	-6.238835e-02	
4.560000e-02	-6.238835e-02	
4.562500e-02	-6.238835e-02	
4.565000e-02	-6.238834e-02	
4.567500e-02	-6.238833e-02	
4.570000e-02	-6.238831e-02	
4.572500e-02	-6.238828e-02	
4.575000e-02	-6.238825e-02	
4.577500e-02	-6.238822e-02	
4.580000e-02	-6.238818e-02	
4.582500e-02	-6.238814e-02	
4.585000e-02	-6.238809e-02	
4.587500e-02	-6.238803e-02	
4.590000e-02	-6.238797e-02	
4.592500e-02	-6.238791e-02	
4.595000e-02	-6.238784e-02	
4.597500e-02	-6.238777e-02	
4.600000e-02	-6.238769e-02	
4.602500e-02	-6.238761e-02	
4.605000e-02	-6.238752e-02	
4.607500e-02	-6.238743e-02	
4.610000e-02	-6.238734e-02	
4.612500e-02	-6.238724e-02	
4.615000e-02	-6.238714e-02	
4.617500e-02	-6.238703e-02	
4.620000e-02	-6.238692e-02	
4.622500e-02	-6.238680e-02	
4.625000e-02	-6.238668e-02	
4.627500e-02	-6.238656e-02	
4.630000e-02	-6.238643e-02	
4.632500e-02	-6.238630e-02	
4.635000e-02	-6.238617e-02	
4.637500e-02	-6.238603e-02	
4.640000e-02	-6.238589e-02	
4.642500e-02	-6.238574e-02	
4.645000e-02	-6.238560e-02	
4.647500e-02	-6.238544e-02	
4.650000e-02	-6.238529e-02	
4.652500e-02	-6.238513e-02	
4.655000e-02	-6.238497e-02	
4.657500e-02	-6.238480e-02	
4.660000e-02	-6.238463e-02	
4.662500e-02	-6.238446e-02	
4.665000e-02	-6.238428e-02	
4.667500e-02	-6.238410e-02	
4.670000e-02	-6.238392e-02	
4.672500e-02	-6.238373e-02	
4.675000e-02	-6.238354e-02	
4.677500e-02	-6.238335e-02	
4.680000e-02	-6.238315e-02	
4.682500e-02	-6.238296e-02	
4.685000e-02	-6.238275e-02	
4.687500e-02	-6.238255e-02	
4.690000e-02	-6.238234e-02	
4.692500e-02	-6.238213e-02	
4.695000e-02	-6.238192e-02	
4.697500e-02	-6.238170e-02	
4.700000e-02	-6.238148e-02	
4.702500e-02	-6.238126e-02	
4.705000e-02	-6.238103e-02	
4.707500e-02	-6.238080e-02	
4.710000e-02	-6.238057e-02	
4.712500e-02	-6.238034e-02	
4.715000e-02	-6.238010e-02	
4.717500e-02	-6.237987e-02	
4.720000e-02	-6.237963e-02	
4.722500e-02	-6.237938e-02	
4.725000e-02	-6.237914e-02	
4.727500e-02	-6.237889e-02	
4.730000e-02	-6.237864e-02	
4.732500e-02	-6.237839e-02	
4.735000e-02	-6.237813e-02	
4.737500e-02	-6.237788e-02	
4.740000e-02	-6.237762e-02	
4.742500e-02	-6.237736e-02	
4.745000e-02	-6.237710e-02	
4.747500e-02	-6.237683e-02	
4.750000e-02	-6.237657e-02	
4.752500e-02	-6.237630e-02	
4.755000e-02	-6.237603e-02	
4.757500e-02	-6.237576e-02	
4.760000e-02	-6.237549e-02	
4.762500e-02	-6.237521e-02	
4.765000e-02	-6.237494e-02	
4.767500e-02	-6.237466e-02	
4.770000e-02	-6.237438e-02	
4.772500e-02	-6.237410e-02	
4.775000e-02	-6.237382e-02	
4.777500e-02	-6.237353e-02	
4.780000e-02	-6.237325e-02	
4.782500e-02	-6.237296e-02	
4.785000e-02	-6.237268e-02	
4.787500e-02	-6.237239e-02	
4.790000e-02	-6.237210e-02	
4.792500e-02	-6.237181e-02	
4.795000e-02	-6.237151e-02	
4.797500e-02	-6.237122e-02	
4.800000e-02	-6.237093e-02	
4.802500e-02	-6.237063e-02	
4.805000e-02	-6.237033e-02	
4.807500e-02	-6.237004e-02	
4.810000e-02	-6.236974e-02	
4.812500e-02	-6.236944e-02	
4.815000e-02	-6.236914e-02	
4.817500e-02	-6.236883e-02	
4.820000e-02	-6.236853e-02	
4.822500e-02	-6.236823e-02	
4.825000e-02	-6.236792e-02	
4.827500e-02	-6.236762e-02	
4.830000e-02	-6.236731e-02	
4.832500e-02	-6.236701e-02	
4.835000e-02	-6.236670e-02	
4.837500e-02	-6.236639e-02	
4.840000e-02	-6.236608e-02	
4.842500e-02	-6.236577e-02	
4.845000e-02	-6.236546e-02	
4.847500e-02	-6.236515e-02	
4.850000e-02	-6.236484e-02	
4.852500e-02	-6.236453e-02	
4.855000e-02	-6.236422e-02	
4.857500e-02	-6.236390e-02	
4.860000e-02	-6.236359e-02	
4.862500e-02	-6.236328e-02	
4.865000e-02	-6.236296e-02	
4.867500e-02	-6.236265e-02	
4.870000e-02	-6.236233e-02	
4.872500e-02	-6.236202e-02	
4.875000e-02	-6.236170e-02	
4.877500e-02	-6.236138e-02	
4.880000e-02	-6.236107e-02	
4.882500e-02	-6.236075e-02	
4.885000e-02	-6.236043e-02	
4.887500e-02	-6.236011e-02	
4.890000e-02	-6.235979e-02	
4.892500e-02	-6.235948e-02	
4.895000e-02	-6.235916e-02	
4.897500e-02	-6.235884e-02	
4.900000e-02	-6.235852e-02	
4.902500e-02	-6.235820e-02	
4.905000e-02	-6.235788e-02	
4.907500e-02	-6.235756e-02	
4.910000e-02	-6.235724e-02	
4.912500e-02	-6.235692e-02	
4.915000e-02	-6.235659e-02	
4.917500e-02	-6.235627e-02	
4.920000e-02	-6.235595e-02	
4.922500e-02	-6.235563e-02	
4.925000e-02	-6.235531e-02	
4.927500e-02	-6.235499e-02	
4.930000e-02	-6.235467e-02	
4.932500e-02	-6.235434e-02	
4.935000e-02	-6.235402e-02	
4.937500e-02	-6.235370e-02	
4.940000e-02	-6.235338e-02	
4.942500e-02	-6.235305e-02	
4.945000e-02	-6.235273e-02	
4.947500e-02	-6.235241e-02	
4.950000e-02	-6.235208e-02	
4.952500e-02	-6.235176e-02	
4.955000e-02	-6.235144e-02	
4.957500e-02	-6.235112e-02	
4.960000e-02	-6.235079e-02	
4.962500e-02	-6.235047e-02	
4.965000e-02	-6.235015e-02	
4.967500e-02	-6.234982e-02	
4.970000e-02	-6.234950e-02	
4.972500e-02	-6.234918e-02	
4.975000e-02	-6.234885e-02	
4.977500e-02	-6.234853e-02	
4.980000e-02	-6.234821e-02	
4.982500e-02	-6.234789e-02	
4.985000e-02	-6.234756e-02	
4.987500e-02	-6.234724e-02	
4.990000e-02	-6.234692e-02	
4.992500e-02	-6.234659e-02	
4.995000e-02	-6.234627e-02	
4.997500e-02	-6.234595e-02	
5.000000e-02	-6.234563e-02	
